50 20 10000
0.924533634742537 0.0 0.0 0.0 0.0 0.0 0.0 0.0 0.0 0.0 0.0 0.0 0.0 0.0 0.0 0.0 0.0 0.0 0.0 0.0 0.0 0.09722980166641124 0.0 0.0 0.0 0.0 0.0 0.0 0.0 0.0 0.0 0.0 0.0 0.0 0.0 0.0 0.0 0.0 0.0 0.0 0.0 0.0 0.0 0.0 0.0 0.0 0.0 0.0 0.0 0.0 
0.0 0.6317168398687776 0.0 0.0 0.11625110090350763 0.0 0.0 0.0 0.0 0.0 0.0 0.0 0.0 0.0 0.0 0.0 0.0 0.0 0.0 0.0 0.0 0.07672790398102672 0.15078917267127054 0.0 0.0 0.0 0.0 0.0 0.0 0.0 0.0 0.0 0.0 0.0 0.0 0.0 0.0 0.0 0.0 0.0 0.0 0.0 0.0 0.0 0.0 0.0 0.0 0.0 0.0 0.0 
0.0 0.0 0.6355625786173 0.0 0.0 0.10193169266605753 0.0 0.0 0.0 0.0 0.0 0.0 0.0 0.0 0.0 0.0 0.0 0.0 0.0 0.0 0.0 0.0 0.19200500303825413 0.16303955465625122 0.0 0.0 0.0 0.0 0.0 0.0 0.0 0.0 0.0 0.0 0.0 0.0 0.0 0.0 0.0 0.0 0.0 0.0 0.0 0.0 0.0 0.0 0.0 0.0 0.0 0.0 
0.0 0.0 0.0 0.8383503952106691 0.0 0.0 0.20486819064535916 0.0 0.0 0.0 0.0 0.0 0.0 0.0 0.0 0.0 0.0 0.0 0.0 0.0 0.0 0.0 0.0 0.10173612079326128 0.1660629205397573 0.0 0.0 0.0 0.0 0.0 0.0 0.0 0.0 0.0 0.0 0.0 0.0 0.0 0.0 0.0 0.0 0.0 0.0 0.0 0.0 0.0 0.0 0.0 0.0 0.0 
0.0 0.11625110090350763 0.0 0.0 0.7146844590348396 0.0 0.0 0.03713586507223238 0.0 0.0 0.0 0.0 0.0 0.0 0.0 0.0 0.0 0.0 0.0 0.0 0.0 0.0 0.0 0.0 0.1881577886822987 0.03940385707985303 0.0 0.0 0.0 0.0 0.0 0.0 0.0 0.0 0.0 0.0 0.0 0.0 0.0 0.0 0.0 0.0 0.0 0.0 0.0 0.0 0.0 0.0 0.0 0.0 
0.0 0.0 0.10193169266605753 0.0 0.0 0.8793169767463187 0.0 0.0 0.12978801045653476 0.0 0.0 0.0 0.0 0.0 0.0 0.0 0.02130250801873529 0.0 0.0 0.0 0.0 0.0 0.0 0.0 0.0 0.04775403059556668 0.24720948868571305 0.0 0.0 0.0 0.0 0.0 0.0 0.0 0.0 0.0 0.0 0.0 0.0 0.0 0.0 0.0 0.0 0.0 0.0 0.0 0.0 0.0 0.0 0.0 
0.0 0.0 0.0 0.20486819064535916 0.0 0.0 0.8955713775482916 0.0 0.0 0.19352714439700128 0.0 0.0 0.0 0.0 0.0 0.0 0.0 0.074442713033609 0.0 0.0 0.0 0.0 0.0 0.0 0.0 0.0 0.2216581642685988 0.17307164480035686 0.0 0.0 0.0 0.0 0.0 0.0 0.0 0.0 0.0 0.0 0.0 0.0 0.0 0.0 0.0 0.0 0.0 0.0 0.0 0.0 0.0 0.0 
0.0 0.0 0.0 0.0 0.03713586507223238 0.0 0.0 0.9901918208952599 0.0 0.0 0.14399834150866678 0.0 0.0 0.0 0.0 0.0 0.0 0.0 0.09380581990799347 0.0 0.0 0.0 0.0 0.0 0.0 0.0 0.0 0.22834666680727267 0.17740316525772049 0.0 0.0 0.0 0.0 0.0 0.0 0.0 0.0 0.0 0.0 0.0 0.0 0.0 0.0 0.0 0.0 0.0 0.0 0.0 0.0 0.0 
0.0 0.0 0.0 0.0 0.0 0.12978801045653476 0.0 0.0 0.543658341374892 0.0 0.0 0.10140074030927229 0.06400173061867204 0.0 0.0 0.0 0.0 0.0 0.0 0.15316277311658558 0.0 0.0 0.0 0.0 0.0 0.0 0.0 0.0 0.2330601815327119 0.019576284799254773 0.0 0.0 0.0 0.0 0.0 0.0 0.0 0.0 0.0 0.0 0.0 0.0 0.0 0.0 0.0 0.0 0.0 0.0 0.0 0.0 
0.0 0.0 0.0 0.0 0.0 0.0 0.19352714439700128 0.0 0.0 0.8794158617712401 0.0 0.0 0.13545361217717955 0.2093390096665657 0.0 0.0 0.0 0.0 0.0 0.0 0.23946698165632757 0.0 0.0 0.0 0.0 0.0 0.0 0.0 0.0 0.1708542182554636 0.1992300199777398 0.0 0.0 0.0 0.0 0.0 0.0 0.0 0.0 0.0 0.0 0.0 0.0 0.0 0.0 0.0 0.0 0.0 0.0 0.0 
0.0 0.0 0.0 0.0 0.0 0.0 0.0 0.14399834150866678 0.0 0.0 0.5525933637670986 0.0 0.0 0.028828262587782705 0.11602376605732334 0.0 0.0 0.0 0.0 0.0 0.08168480845368384 0.08718583980716824 0.0 0.0 0.0 0.0 0.0 0.0 0.0 0.0 0.20229220032037853 0.07232325329190806 0.0 0.0 0.0 0.0 0.0 0.0 0.0 0.0 0.0 0.0 0.0 0.0 0.0 0.0 0.0 0.0 0.0 0.0 
0.0 0.0 0.0 0.0 0.0 0.0 0.0 0.0 0.10140074030927229 0.0 0.0 0.991970591153236 0.0 0.0 0.16630346969108137 0.16470139609958487 0.0 0.0 0.0 0.0 0.0 0.12101113445029049 0.12761316889407762 0.0 0.0 0.0 0.0 0.0 0.0 0.0 0.0 0.006213523733315518 0.08755367136131695 0.0 0.0 0.0 0.0 0.0 0.0 0.0 0.0 0.0 0.0 0.0 0.0 0.0 0.0 0.0 0.0 0.0 
0.0 0.0 0.0 0.0 0.0 0.0 0.0 0.0 0.06400173061867204 0.13545361217717955 0.0 0.0 0.9545107312254972 0.0 0.0 0.009282279016669531 0.056363350919746286 0.0 0.0 0.0 0.0 0.0 0.142571949306458 0.0 0.0 0.0 0.0 0.0 0.0 0.0 0.1966209990002352 0.0 0.21939190421126012 0.12042334289302775 0.0 0.0 0.0 0.0 0.0 0.0 0.0 0.0 0.0 0.0 0.0 0.0 0.0 0.0 0.0 0.0 
0.0 0.0 0.0 0.0 0.0 0.0 0.0 0.0 0.0 0.2093390096665657 0.028828262587782705 0.0 0.0 0.6213895914778167 0.0 0.0 0.11645428205243563 0.2204392402934363 0.0 0.0 0.0 0.0 0.0 0.1500356386901739 0.0 0.0 0.0 0.0 0.0 0.0 0.0 0.18729674742432162 0.0 0.10640232474165104 0.1337344710202551 0.0 0.0 0.0 0.0 0.0 0.0 0.0 0.0 0.0 0.0 0.0 0.0 0.0 0.0 0.0 
0.0 0.0 0.0 0.0 0.0 0.0 0.0 0.0 0.0 0.0 0.11602376605732334 0.16630346969108137 0.0 0.0 0.7690990496528497 0.05095979663230085 0.0 0.2059151519804674 0.04705646290978843 0.0 0.0 0.0 0.0 0.0 0.0 0.0 0.0 0.0 0.0 0.0 0.0 0.0 0.14758314166796727 0.0 0.20266047742720283 0.08593566773952288 0.0 0.0 0.0 0.0 0.0 0.0 0.0 0.0 0.0 0.0 0.0 0.0 0.0 0.0 
0.0 0.0 0.0 0.0 0.0 0.0 0.0 0.0 0.0 0.0 0.0 0.16470139609958487 0.009282279016669531 0.0 0.05095979663230085 0.5432639277725282 0.23912477463459347 0.0 0.13148183579632333 0.21640342330542858 0.0 0.0 0.0 0.0 0.0 0.0 0.0 0.0 0.0 0.04651306544614203 0.0 0.0 0.0 0.0 0.0 0.11908119466820011 0.03976686468035112 0.0 0.0 0.0 0.0 0.0 0.0 0.0 0.0 0.0 0.0 0.0 0.0 0.0 
0.0 0.0 0.0 0.0 0.0 0.02130250801873529 0.0 0.0 0.0 0.0 0.0 0.0 0.056363350919746286 0.11645428205243563 0.0 0.23912477463459347 0.8409844223323228 0.02634807957998425 0.0 0.07695448421565534 0.14106678158830993 0.0 0.0 0.0 0.0 0.0 0.0 0.0 0.0 0.0 0.03288340866181788 0.0 0.0 0.0 0.0 0.0 0.055372331307243644 0.19950015195704046 0.0 0.0 0.0 0.0 0.0 0.0 0.0 0.0 0.0 0.0 0.0 0.0 
0.0 0.0 0.0 0.0 0.0 0.0 0.074442713033609 0.0 0.0 0.0 0.0 0.0 0.0 0.2204392402934363 0.2059151519804674 0.0 0.02634807957998425 0.8559322777004718 0.0033864588987107813 0.0 0.15540226178734723 0.17951134562535417 0.0 0.0 0.0 0.0 0.0 0.0 0.0 0.0 0.0 0.14642450441415444 0.0 0.0 0.0 0.0 0.0 0.09915775949821609 0.04168463821357665 0.0 0.0 0.0 0.0 0.0 0.0 0.0 0.0 0.0 0.0 0.0 
0.0 0.0 0.0 0.0 0.0 0.0 0.0 0.09380581990799347 0.0 0.0 0.0 0.0 0.0 0.0 0.04705646290978843 0.13148183579632333 0.0 0.0033864588987107813 0.5038468400526854 0.19532394784239396 0.0 0.06942640933570407 0.22363141548382623 0.0 0.0 0.0 0.0 0.0 0.0 0.0 0.0 0.0 0.22368310216589196 0.0 0.0 0.0 0.0 0.0 0.24406980290576158 0.20235896212958684 0.0 0.0 0.0 0.0 0.0 0.0 0.0 0.0 0.0 0.0 
0.0 0.0 0.0 0.0 0.0 0.0 0.0 0.0 0.15316277311658558 0.0 0.0 0.0 0.0 0.0 0.0 0.21640342330542858 0.07695448421565534 0.0 0.19532394784239396 0.5613014860942143 0.16277623825814347 0.0 0.04544078183147354 0.20456684799829877 0.0 0.0 0.0 0.0 0.0 0.0 0.0 0.0 0.0 0.07444791863843628 0.0 0.0 0.0 0.0 0.0 0.22158071756084124 0.0 0.0 0.0 0.0 0.0 0.0 0.0 0.0 0.0 0.0 
0.0 0.0 0.0 0.0 0.0 0.0 0.0 0.0 0.0 0.23946698165632757 0.08168480845368384 0.0 0.0 0.0 0.0 0.0 0.14106678158830993 0.15540226178734723 0.0 0.16277623825814347 0.7678261881059507 0.017196335806143853 0.0 0.18205735990494126 0.12217165968186292 0.0 0.0 0.0 0.0 0.0 0.0 0.0 0.0 0.0 0.19236909634528748 0.0 0.0 0.0 0.0 0.0 0.0 0.0 0.0 0.0 0.0 0.0 0.0 0.0 0.0 0.0 
0.09722980166641124 0.07672790398102672 0.0 0.0 0.0 0.0 0.0 0.0 0.0 0.0 0.08718583980716824 0.12101113445029049 0.0 0.0 0.0 0.0 0.0 0.17951134562535417 0.06942640933570407 0.0 0.017196335806143853 0.994661730364652 0.07220285695404585 0.0 0.08885254006844884 0.0 0.0 0.0 0.0 0.0 0.0 0.0 0.0 0.0 0.0 0.1160651117774884 0.0 0.0 0.0 0.0 0.0 0.0 0.0 0.0 0.0 0.0 0.0 0.0 0.0 0.0 
0.0 0.15078917267127054 0.19200500303825413 0.0 0.0 0.0 0.0 0.0 0.0 0.0 0.0 0.12761316889407762 0.142571949306458 0.0 0.0 0.0 0.0 0.0 0.22363141548382623 0.04544078183147354 0.0 0.07220285695404585 0.7248541088143233 0.14623995253426794 0.0 0.20807245747461992 0.0 0.0 0.0 0.0 0.0 0.0 0.0 0.0 0.0 0.0 0.15877303173931956 0.0 0.0 0.0 0.0 0.0 0.0 0.0 0.0 0.0 0.0 0.0 0.0 0.0 
0.0 0.0 0.16303955465625122 0.10173612079326128 0.0 0.0 0.0 0.0 0.0 0.0 0.0 0.0 0.0 0.1500356386901739 0.0 0.0 0.0 0.0 0.0 0.20456684799829877 0.18205735990494126 0.0 0.14623995253426794 0.5825899172706992 0.14609574060137384 0.0 0.2393802670117388 0.0 0.0 0.0 0.0 0.0 0.0 0.0 0.0 0.0 0.0 0.12849013049326707 0.0 0.0 0.0 0.0 0.0 0.0 0.0 0.0 0.0 0.0 0.0 0.0 
0.0 0.0 0.0 0.1660629205397573 0.1881577886822987 0.0 0.0 0.0 0.0 0.0 0.0 0.0 0.0 0.0 0.0 0.0 0.0 0.0 0.0 0.0 0.12217165968186292 0.08885254006844884 0.0 0.14609574060137384 0.9227848027868195 0.14134112091074713 0.0 0.13314666151022217 0.0 0.0 0.0 0.0 0.0 0.0 0.0 0.0 0.0 0.0 0.17016087311951458 0.0 0.0 0.0 0.0 0.0 0.0 0.0 0.0 0.0 0.0 0.0 
0.0 0.0 0.0 0.0 0.03940385707985303 0.04775403059556668 0.0 0.0 0.0 0.0 0.0 0.0 0.0 0.0 0.0 0.0 0.0 0.0 0.0 0.0 0.0 0.0 0.20807245747461992 0.0 0.14134112091074713 0.5148625862743816 0.20827512897696507 0.0 0.0 0.0 0.0 0.22844083034536125 0.0 0.0 0.0 0.0 0.0 0.0 0.0 0.2013762219588258 0.0 0.0 0.0 0.0 0.0 0.0 0.0 0.0 0.0 0.0 
0.0 0.0 0.0 0.0 0.0 0.24720948868571305 0.2216581642685988 0.0 0.0 0.0 0.0 0.0 0.0 0.0 0.0 0.0 0.0 0.0 0.0 0.0 0.0 0.0 0.0 0.2393802670117388 0.0 0.20827512897696507 0.9228193793363718 0.09685287441372098 0.0 0.0 0.0 0.0 0.061285099376886976 0.0 0.0 0.0 0.0 0.0 0.0 0.0 0.0 0.0 0.0 0.0 0.0 0.0 0.0 0.0 0.0 0.0 
0.0 0.0 0.0 0.0 0.0 0.0 0.17307164480035686 0.22834666680727267 0.0 0.0 0.0 0.0 0.0 0.0 0.0 0.0 0.0 0.0 0.0 0.0 0.0 0.0 0.0 0.0 0.13314666151022217 0.0 0.09685287441372098 0.5728952878015321 0.019935605651961702 0.0 0.0 0.0 0.0 0.07858422953054056 0.0 0.0 0.0 0.0 0.0 0.0 0.0 0.0 0.0 0.0 0.0 0.0 0.0 0.0 0.0 0.0 
0.0 0.0 0.0 0.0 0.0 0.0 0.0 0.17740316525772049 0.2330601815327119 0.0 0.0 0.0 0.0 0.0 0.0 0.0 0.0 0.0 0.0 0.0 0.0 0.0 0.0 0.0 0.0 0.0 0.0 0.019935605651961702 0.5539495631812128 0.10450660565147207 0.0 0.0 0.0 0.0 0.0806959461620512 0.0 0.0 0.0 0.0 0.0 0.0 0.0 0.0 0.0 0.0 0.0 0.0 0.0 0.0 0.0 
0.0 0.0 0.0 0.0 0.0 0.0 0.0 0.0 0.019576284799254773 0.1708542182554636 0.0 0.0 0.0 0.0 0.0 0.04651306544614203 0.0 0.0 0.0 0.0 0.0 0.0 0.0 0.0 0.0 0.0 0.0 0.0 0.10450660565147207 0.5274984215977042 0.15412115800657597 0.0 0.0 0.0 0.0 0.0 0.0 0.0 0.0 0.0 0.0 0.0 0.0 0.0 0.0 0.0 0.0 0.0 0.0 0.0 
0.0 0.0 0.0 0.0 0.0 0.0 0.0 0.0 0.0 0.1992300199777398 0.20229220032037853 0.0 0.1966209990002352 0.0 0.0 0.0 0.03288340866181788 0.0 0.0 0.0 0.0 0.0 0.0 0.0 0.0 0.0 0.0 0.0 0.0 0.15412115800657597 0.7495280259060482 0.02972936961365874 0.0 0.0 0.0 0.0 0.0 0.0 0.0 0.0 0.0 0.0 0.0 0.0 0.0 0.0 0.0 0.0 0.0 0.0 
0.0 0.0 0.0 0.0 0.0 0.0 0.0 0.0 0.0 0.0 0.07232325329190806 0.006213523733315518 0.0 0.18729674742432162 0.0 0.0 0.0 0.14642450441415444 0.0 0.0 0.0 0.0 0.0 0.0 0.0 0.22844083034536125 0.0 0.0 0.0 0.0 0.02972936961365874 0.8893762899291756 0.18427948566814206 0.0 0.0 0.0 0.0 0.0 0.0 0.0 0.0 0.0 0.0 0.0 0.0 0.0 0.0 0.0 0.0 0.0 
0.0 0.0 0.0 0.0 0.0 0.0 0.0 0.0 0.0 0.0 0.0 0.08755367136131695 0.21939190421126012 0.0 0.14758314166796727 0.0 0.0 0.0 0.22368310216589196 0.0 0.0 0.0 0.0 0.0 0.0 0.0 0.061285099376886976 0.0 0.0 0.0 0.0 0.18427948566814206 0.8129836422744601 0.18295713803733543 0.0 0.0 0.0 0.0 0.0 0.0 0.0 0.0 0.0 0.0 0.0 0.0 0.0 0.0 0.0 0.0 
0.0 0.0 0.0 0.0 0.0 0.0 0.0 0.0 0.0 0.0 0.0 0.0 0.12042334289302775 0.10640232474165104 0.0 0.0 0.0 0.0 0.0 0.07444791863843628 0.0 0.0 0.0 0.0 0.0 0.0 0.0 0.07858422953054056 0.0 0.0 0.0 0.0 0.18295713803733543 0.8321754698752384 0.09600308790067216 0.0 0.0 0.0 0.0 0.0 0.0 0.0 0.0 0.0 0.0 0.0 0.0 0.0 0.0 0.0 
0.0 0.0 0.0 0.0 0.0 0.0 0.0 0.0 0.0 0.0 0.0 0.0 0.0 0.1337344710202551 0.20266047742720283 0.0 0.0 0.0 0.0 0.0 0.19236909634528748 0.0 0.0 0.0 0.0 0.0 0.0 0.0 0.0806959461620512 0.0 0.0 0.0 0.0 0.09600308790067216 0.5825178949980181 0.2111468347287654 0.0 0.0 0.0 0.0 0.0 0.0 0.0 0.0 0.0 0.0 0.0 0.0 0.0 0.0 
0.0 0.0 0.0 0.0 0.0 0.0 0.0 0.0 0.0 0.0 0.0 0.0 0.0 0.0 0.08593566773952288 0.11908119466820011 0.0 0.0 0.0 0.0 0.0 0.1160651117774884 0.0 0.0 0.0 0.0 0.0 0.0 0.0 0.0 0.0 0.0 0.0 0.0 0.2111468347287654 0.5893518982166137 0.11072068407226357 0.0 0.0 0.0 0.0 0.0 0.0 0.0 0.0 0.0 0.0 0.0 0.0 0.0 
0.0 0.0 0.0 0.0 0.0 0.0 0.0 0.0 0.0 0.0 0.0 0.0 0.0 0.0 0.0 0.03976686468035112 0.055372331307243644 0.0 0.0 0.0 0.0 0.0 0.15877303173931956 0.0 0.0 0.0 0.0 0.0 0.0 0.0 0.0 0.0 0.0 0.0 0.0 0.11072068407226357 0.518727921794908 0.17087116468533647 0.0 0.0 0.0 0.0 0.0 0.0 0.0 0.0 0.0 0.0 0.0 0.0 
0.0 0.0 0.0 0.0 0.0 0.0 0.0 0.0 0.0 0.0 0.0 0.0 0.0 0.0 0.0 0.0 0.19950015195704046 0.09915775949821609 0.0 0.0 0.0 0.0 0.0 0.12849013049326707 0.0 0.0 0.0 0.0 0.0 0.0 0.0 0.0 0.0 0.0 0.0 0.0 0.17087116468533647 0.8820792149942658 0.2222724543785746 0.0 0.0 0.0 0.0 0.0 0.0 0.0 0.0 0.0 0.0 0.0 
0.0 0.0 0.0 0.0 0.0 0.0 0.0 0.0 0.0 0.0 0.0 0.0 0.0 0.0 0.0 0.0 0.0 0.04168463821357665 0.24406980290576158 0.0 0.0 0.0 0.0 0.0 0.17016087311951458 0.0 0.0 0.0 0.0 0.0 0.0 0.0 0.0 0.0 0.0 0.0 0.0 0.2222724543785746 0.9524276448908782 0.09636094891612368 0.0 0.0 0.0 0.0 0.0 0.0 0.0 0.0 0.0 0.0 
0.0 0.0 0.0 0.0 0.0 0.0 0.0 0.0 0.0 0.0 0.0 0.0 0.0 0.0 0.0 0.0 0.0 0.0 0.20235896212958684 0.22158071756084124 0.0 0.0 0.0 0.0 0.0 0.2013762219588258 0.0 0.0 0.0 0.0 0.0 0.0 0.0 0.0 0.0 0.0 0.0 0.0 0.09636094891612368 0.7498641051531243 0.0 0.0 0.0 0.0 0.0 0.0 0.0 0.0 0.0 0.0 
0.0 0.0 0.0 0.0 0.0 0.0 0.0 0.0 0.0 0.0 0.0 0.0 0.0 0.0 0.0 0.0 0.0 0.0 0.0 0.0 0.0 0.0 0.0 0.0 0.0 0.0 0.0 0.0 0.0 0.0 0.0 0.0 0.0 0.0 0.0 0.0 0.0 0.0 0.0 0.0 0.0 0.0 0.0 0.0 0.0 0.0 0.0 0.5982619963421656 0.0 0.0 
0.0 0.0 0.0 0.0 0.0 0.0 0.0 0.0 0.0 0.0 0.0 0.0 0.0 0.0 0.0 0.0 0.0 0.0 0.0 0.0 0.0 0.0 0.0 0.0 0.0 0.0 0.0 0.0 0.0 0.0 0.0 0.0 0.0 0.0 0.0 0.0 0.0 0.0 0.0 0.0 0.0 0.0 0.0 0.6661977138136906 0.0 0.0 0.0 0.0 0.0 0.8811763801113197 
0.0 0.0 0.0 0.0 0.0 0.0 0.0 0.0 0.0 0.0 0.0 0.0 0.0 0.0 0.0 0.0 0.0 0.0 0.0 0.0 0.0 0.0 0.0 0.0 0.0 0.0 0.0 0.0 0.0 0.0 0.0 0.0 0.0 0.0 0.0 0.0 0.0 0.0 0.0 0.0 0.644020812979587 0.0 0.0 0.0 0.56367877400526 0.0 0.0 0.0 0.0 0.0 
0.0 0.0 0.0 0.0 0.0 0.0 0.0 0.0 0.0 0.0 0.0 0.0 0.0 0.0 0.0 0.0 0.0 0.0 0.0 0.0 0.0 0.0 0.0 0.0 0.0 0.0 0.0 0.0 0.0 0.0 0.0 0.0 0.0 0.0 0.0 0.0 0.0 0.0 0.0 0.0 0.863482543888328 0.0 0.0 0.0 0.0 0.940827763996066 0.0 0.0 0.0 0.0 
0.0 0.0 0.0 0.0 0.0 0.0 0.0 0.0 0.0 0.0 0.0 0.0 0.0 0.0 0.0 0.0 0.0 0.0 0.0 0.0 0.0 0.0 0.0 0.0 0.0 0.0 0.0 0.0 0.0 0.0 0.0 0.0 0.0 0.0 0.0 0.0 0.0 0.0 0.0 0.0 0.0 0.0 0.0 0.0 0.0 0.0 0.0 0.0 0.6548506798383225 0.9731048470862798 
0.0 0.0 0.0 0.0 0.0 0.0 0.0 0.0 0.0 0.0 0.0 0.0 0.0 0.0 0.0 0.0 0.0 0.0 0.0 0.0 0.0 0.0 0.0 0.0 0.0 0.0 0.0 0.0 0.0 0.0 0.0 0.0 0.0 0.0 0.0 0.0 0.0 0.0 0.0 0.0 0.0 0.0 0.5186599514240608 0.0 0.0 0.0 0.0 0.0 0.0 0.7948875528322839 
0.0 0.0 0.0 0.0 0.0 0.0 0.0 0.0 0.0 0.0 0.0 0.0 0.0 0.0 0.0 0.0 0.0 0.0 0.0 0.0 0.0 0.0 0.0 0.0 0.0 0.0 0.0 0.0 0.0 0.0 0.0 0.0 0.0 0.0 0.0 0.0 0.0 0.0 0.0 0.0 0.0 0.0 0.9737762543296999 0.0 0.6026682563392901 0.0 0.0 0.0 0.0 0.0 
0.0 0.0 0.0 0.0 0.0 0.0 0.0 0.0 0.0 0.0 0.0 0.0 0.0 0.0 0.0 0.0 0.0 0.0 0.0 0.0 0.0 0.0 0.0 0.0 0.0 0.0 0.0 0.0 0.0 0.0 0.0 0.0 0.0 0.0 0.0 0.0 0.0 0.0 0.0 0.0 0.0 0.9185758480387034 0.0 0.0 0.9337791368461899 0.0 0.0 0.0 0.0 0.0 
0.0 0.0 0.0 0.0 0.0 0.0 0.0 0.0 0.0 0.0 0.0 0.0 0.0 0.0 0.0 0.0 0.0 0.0 0.0 0.0 0.0 0.0 0.0 0.0 0.0 0.0 0.0 0.0 0.0 0.0 0.0 0.0 0.0 0.0 0.0 0.0 0.0 0.0 0.0 0.0 0.0 0.0 0.0 0.0 0.8450974844763284 0.0 0.0 0.0 0.0 0.5006571160098996 
0.0 0.0 0.0 0.0 0.0 0.0 0.0 0.0 0.0 0.0 0.0 0.0 0.0 0.0 0.0 0.0 0.0 0.0 0.0 0.0 0.0 0.0 0.0 0.0 0.0 0.0 0.0 0.0 0.0 0.0 0.0 0.0 0.0 0.0 0.0 0.0 0.0 0.0 0.0 0.0 0.0 0.0 0.0 0.0 0.0 0.0 0.7871190314227063 0.0 0.7936829293881509 0.0 
