60 20 10000
0.0 0.0 0.0 0.0362990667134383 0.0 0.0 0.0 0.9842336704103355 0.0 0.0 0.0 0.0 0.021910924672146836 0.0 0.0 0.6811788141816182 0.0 0.0 0.0 0.1892760532583515 0.4881517483974124 0.12670081904066732 0.7444525437380621 0.8869715696710918 0.0 0.0 0.0 0.4910151290278668 0.0 0.0 0.0 0.0 0.0 0.0 0.5992413825183482 0.0 0.8928936144084486 0.0 0.0 0.0 0.0 0.0 0.0 0.0 0.18718742676118116 0.7793720049035173 0.0 0.0 0.0 0.0 0.15597307800414117 0.0 0.0 0.0 0.0 0.0 0.0 0.0 0.0 0.0 
0.0 0.7150724505581236 0.0 0.0 0.0 0.897338500605087 0.0 0.0 0.0 0.3241503220019003 0.0 0.0 0.0 0.0 0.10214758223008846 0.9749216353425275 0.0 0.0 0.0 0.0 0.30358770833846327 0.8890713160779103 0.0 0.0 0.0 0.1988593305107954 0.0 0.0 0.6272254803589765 0.0 0.0 0.0 0.15299807603265048 0.5955631162051862 0.0 0.6305532898208995 0.8919269691152072 0.8885266108251794 0.0 0.0 0.0 0.0 0.0 0.0 0.0 0.0 0.0 0.0 0.0 0.0 0.0 0.0 0.0 0.0 0.0 0.0 0.0 0.1976814716072296 0.15052791577368985 0.0 
0.0 0.0 0.0 0.0 0.6896259639577019 0.0 0.0 0.0 0.6445391939895636 0.0 0.0 0.0 0.0 0.44961116732726114 0.0 0.0 0.0 0.0 0.0 0.0 0.0 0.0 0.0 0.0 0.07560410228813019 0.0 0.5007385284707875 0.6585206033911667 0.0 0.0 0.5747456840317802 0.537907448784642 0.0 0.0 0.0 0.0 0.049551057161266954 0.0 0.0 0.0 0.0 0.0 0.5777758465483731 0.0 0.0 0.0 0.0 0.0 0.040922519448443606 0.0 0.0 0.0 0.0 0.0 0.0 0.47104082075415676 0.0 0.0 0.27045121621086654 0.0 
0.0 0.0 0.0 0.0 0.9138815692750831 0.0 0.0 0.5567861421997681 0.0 0.9109993417421389 0.0 0.8840679925040669 0.0 0.0 0.0 0.0 0.7099885684290769 0.0 0.0 0.0 0.0 0.0 0.12012820387662493 0.0 0.0 0.0 0.0 0.0 0.0 0.0 0.0 0.0 0.0 0.0 0.0 0.0 0.0 0.5757769222775878 0.7861869131024517 0.0 0.0 0.0 0.7056756932836687 0.11697333810366872 0.3265056728644161 0.9898852288937099 0.0 0.0 0.0 0.0 0.0 0.0 0.0 0.6461081029240624 0.1327640922912724 0.0 0.13945220571013917 0.0 0.3011010618515495 0.0 
0.0 0.0 0.0 0.9089579393783849 0.0 0.0 0.0 0.0 0.0 0.0 0.0 0.0 0.0 0.0 0.0 0.0 0.0 0.0 0.5724518307069468 0.0 0.18529282946212944 0.0 0.0 0.0 0.0 0.6132652117673797 0.0 0.0 0.0 0.6156389987165103 0.506828015932739 0.2248103896054755 0.0 0.0 0.0 0.0 0.0 0.5957768823081289 0.0 0.0 0.0 0.0 0.5810310737544282 0.0 0.0849647139325519 0.31764626216410186 0.0 0.7111447739334597 0.0 0.0 0.0 0.0 0.38056346302877697 0.32849802159818975 0.0 0.0 0.0 0.0 0.0 0.0 
0.0 0.0 0.0 0.0 0.25968347397790226 0.803748592290201 0.0 0.0 0.0 0.0 0.0 0.0 0.0 0.79895203714418 0.2602080309908169 0.0 0.0 0.0 0.0 0.0 0.0 0.0 0.42279804998144865 0.1444485728932916 0.0 0.0 0.0 0.0 0.0 0.0 0.0 0.0 0.2928110305523923 0.0 0.0 0.36310074542086535 0.0 0.4721086623370653 0.0 0.0 0.0 0.8607145018777685 0.3994530035187074 0.0 0.0 0.0 0.0 0.0 0.35720092828452443 0.0 0.0 0.1352815237924445 0.8699521804323496 0.0 0.0 0.0 0.07301942490319335 0.0 0.0 0.7340581623699559 
0.0 0.0 0.0 0.0 0.0 0.307236135752188 0.0 0.0 0.0 0.4231817409508337 0.0 0.32138832667861694 0.0 0.0 0.25611901787583347 0.0 0.0 0.0 0.0 0.0 0.0 0.0 0.0 0.0 0.0 0.0 0.5944118120414863 0.0 0.0 0.0 0.0 0.38438343095333216 0.0 0.0 0.20465086422191336 0.0 0.0 0.0 0.78678335539594 0.0 0.014125958600966992 0.0 0.0 0.0 0.0 0.0 0.0 0.11082269750498341 0.0 0.0 0.0 0.0 0.0 0.0 0.0 0.7875815064168923 0.44569917567537387 0.0 0.0 0.0 
0.0 0.0 0.6091000539935889 0.0 0.9760002124117315 0.20113456988686718 0.0 0.0 0.0 0.0 0.0 0.0 0.0 0.0 0.0 0.6860873110297141 0.0 0.0 0.0 0.347986537049755 0.0 0.03454462253630364 0.0 0.0 0.0 0.0 0.0 0.0 0.0 0.0 0.1266958444885785 0.0 0.0 0.0 0.35381225197307664 0.08632221183034516 0.0 0.0 0.0 0.0 0.679425163890733 0.0 0.0 0.0 0.0 0.0 0.0 0.7851346089262088 0.0 0.01831020734704325 0.0 0.46494635209881685 0.0 0.0 0.0 0.0 0.0 0.0 0.46355305815772385 0.0 
0.0 0.0 0.0 0.0 0.0 0.0 0.640091157982965 0.0 0.5821538330763469 0.0 0.0 0.13550615114604536 0.0 0.0 0.0 0.0 0.0 0.0 0.20948422114824672 0.0 0.0 0.09985163347089976 0.0 0.0 0.0 0.0 0.0 0.0 0.0 0.9392099078634029 0.0 0.0 0.4059654374784707 0.0 0.6395020233009787 0.0 0.0 0.0 0.0 0.0 0.0 0.061617625022008404 0.0 0.0 0.6774951343058133 0.0 0.35732376687441747 0.0 0.0 0.0 0.0 0.0 0.0 0.9879317990367328 0.0 0.0 0.0 0.0 0.8532333573106142 0.0 
0.0 0.0 0.0 0.0 0.0 0.0 0.0 0.0 0.0 0.0 0.01686205055341028 0.3153512968797959 0.0 0.0 0.0 0.5423529238360479 0.0 0.0 0.5319092991282973 0.0 0.0 0.0 0.0 0.0 0.0 0.0 0.0 0.0 0.13104569407106048 0.0 0.0 0.0 0.0 0.0 0.2569580927080636 0.0 0.0 0.0 0.9134095416009065 0.21882647847451975 0.0 0.0 0.6568006719717238 0.4745775425222658 0.0 0.0 0.0 0.0 0.0 0.1414018537294125 0.0 0.0 0.0 0.004830963366336594 0.0 0.039390856422032106 0.0 0.0 0.0 0.0 
0.0 0.0 0.0 0.0 0.0 0.43005269807858404 0.0 0.0 0.8591438488072248 0.0 0.5465956782936422 0.25612590004628955 0.3109727244828512 0.0 0.0 0.0 0.0 0.0 0.0 0.0 0.0 0.0 0.0 0.0 0.0 0.7487495720884553 0.5524468368209617 0.6182595808307367 0.0 0.0 0.4399422910071372 0.0 0.0 0.0 0.7576903447308703 0.0 0.06644520354022132 0.0 0.0 0.0 0.0 0.7225885482181212 0.0 0.11751763968878937 0.0 0.0 0.0 0.0 0.0 0.0 0.0 0.0 0.0 0.8740672384438912 0.1186965362962179 0.0 0.3547561831147108 0.0 0.0 0.0 
0.7841476654383583 0.0 0.051975806440494265 0.5604505146368182 0.0760204012998994 0.0 0.0 0.2160043277354905 0.0 0.0 0.0 0.0 0.0 0.0 0.0 0.0 0.0 0.0 0.6447067792229332 0.5603067648994616 0.0 0.0 0.0755537657452392 0.0 0.0 0.0 0.5717723886433989 0.0 0.6377935730587417 0.0 0.0 0.0 0.0 0.0 0.0 0.65236133190019 0.0 0.0 0.0 0.0 0.0 0.0 0.0 0.0 0.8741606640334163 0.0 0.0 0.0 0.0 0.0 0.8013735464784394 0.0 0.0 0.0 0.0 0.0 0.0 0.0 0.289365925398549 0.0 
0.0 0.0 0.0 0.0 0.0 0.7837073339052224 0.0 0.0 0.0 0.0 0.5317790770793988 0.0 0.2831803130112275 0.0 0.5089928575040092 0.0 0.0 0.0 0.0 0.0 0.6396919710827568 0.0 0.0 0.0 0.58880882872756 0.0 0.0 0.0 0.11813245305149811 0.0 0.0 0.0 0.0 0.0 0.0 0.0 0.7432121139346752 0.0 0.0 0.9173736143141257 0.3132561124319799 0.0 0.0 0.0 0.0 0.0 0.0 0.02227999061497865 0.2706137075439562 0.0 0.0 0.0 0.8360553617760035 0.0 0.7829007675658222 0.0 0.44048673657004533 0.0 0.0 0.0 
0.5549453747892387 0.0 0.9093080174989596 0.0 0.07965623555040013 0.7686555683257159 0.320653876779216 0.0 0.0 0.0 0.0 0.0 0.4144883271609886 0.0 0.0 0.0 0.0 0.0 0.0 0.0 0.0 0.0 0.0 0.0 0.0 0.0 0.0 0.39038367543200836 0.6260501686178853 0.40940537094641427 0.0 0.0 0.0 0.0 0.7196910363274986 0.0 0.0 0.0 0.0 0.0 0.0 0.14107519492563836 0.0 0.35511953722436307 0.0 0.0 0.0 0.4030585318313521 0.0 0.0 0.34748639712660667 0.0 0.270083297951883 0.0 0.0 0.0 0.0 0.0 0.0 0.0 
0.0 0.0 0.0 0.0 0.0 0.15395581074505904 0.24785571291808695 0.0 0.0 0.0 0.3251110364349221 0.0 0.0 0.0 0.0 0.0 0.0 0.0 0.0 0.0 0.0 0.0 0.08041373546437447 0.0 0.0 0.0 0.0 0.0 0.056081463138520804 0.0 0.0 0.8847797401217573 0.0 0.0 0.0 0.0 0.0 0.0 0.0 0.06732528082016842 0.9409206618878719 0.0 0.00821748856136395 0.918131772805927 0.0 0.9541554733123041 0.0 0.7567609520736764 0.0 0.0 0.9963058354040719 0.0 0.067160201932979 0.0 0.0 0.0 0.0 0.0 0.0 0.0 
0.0 0.0 0.0 0.0 0.0 0.0 0.0 0.0 0.0 0.0 0.0 0.0 0.0 0.0 0.7046855907077038 0.1621860554583211 0.7086386680754558 0.7650880370068557 0.0 0.0 0.0 0.0 0.0 0.12408684763391009 0.0 0.8742935209536159 0.0 0.6759293202717743 0.0 0.0 0.0 0.0 0.0 0.0 0.5616462153009523 0.0 0.0 0.0 0.0 0.0 0.0 0.8603238554876586 0.5771817928149751 0.0 0.0 0.0 0.0 0.0 0.0 0.0 0.0 0.8913831801880469 0.0 0.0 0.0 0.0 0.0 0.0 0.0 0.194393868575663 
0.3515880024841729 0.0 0.0 0.0 0.0 0.0 0.0 0.0 0.0 0.0 0.7818770501870453 0.0 0.0 0.47296803713427105 0.0 0.0 0.0 0.0 0.0 0.0 0.0 0.0 0.14460669242194923 0.0 0.0 0.4159168954271135 0.0 0.0 0.0 0.765874255878771 0.34958324261818285 0.0 0.0 0.6784689168608389 0.0 0.0 0.0 0.4815719454239391 0.23216534003278122 0.0 0.0 0.0 0.0 0.0 0.0 0.9805997920749451 0.0 0.0 0.0 0.0 0.0 0.04928926582167137 0.0 0.0 0.0 0.7066019430554519 0.0 0.10599792511307315 0.0 0.70670320826862 
0.20066284086485664 0.6946378287189049 0.24976687790601637 0.0 0.0 0.0 0.0 0.8075312785157639 0.0 0.9381661330814611 0.06416249940020191 0.823765656510369 0.9435989191099526 0.0 0.0 0.0 0.0 0.0 0.12373700049406322 0.6155321386568804 0.3555925348331235 0.0 0.0 0.0 0.0 0.0 0.0 0.2559164829695646 0.0 0.0 0.0 0.8838476451240883 0.0 0.0 0.0 0.0 0.5014304985502743 0.0 0.0 0.0 0.0 0.0 0.0 0.0 0.0 0.0 0.0 0.0 0.0 0.0 0.0 0.0 0.0 0.0 0.0 0.0 0.0 0.0 0.0 0.0 
0.0 0.0 0.0 0.0 0.0 0.0 0.15425714157245685 0.0 0.0 0.0 0.0 0.11808373349110235 0.0 0.0 0.0 0.0 0.9489307207204566 0.3259693575689552 0.0 0.0 0.0 0.0 0.4815197354278362 0.0 0.0 0.0 0.0 0.0 0.0 0.05032764789603661 0.0 0.0 0.0 0.0 0.0 0.7502328357839544 0.0 0.6752762941632374 0.0 0.3514433766112848 0.0 0.0 0.0 0.7473320621036289 0.5904606175014055 0.0 0.0 0.0 0.0 0.0 0.0 0.0 0.0 0.0 0.0 0.029435563310329926 0.9348472124317218 0.0 0.0 0.0 
0.0 0.37887118188098834 0.0 0.0 0.20959180358739493 0.0 0.0 0.0 0.9390307893388897 0.7716089833566183 0.0 0.0 0.0 0.0 0.6390085379852672 0.9920035150093863 0.0 0.0 0.4808714748054257 0.0 0.0 0.0 0.0 0.0 0.0 0.6764277032037462 0.0 0.0 0.0 0.0 0.9252834638399621 0.09697104449347904 0.0 0.19601751613255947 0.0 0.0 0.0 0.0 0.0 0.526537606178494 0.0 0.0 0.0 0.0 0.0 0.0 0.7311919863499093 0.0 0.0 0.5637361186638292 0.0 0.6235557892816441 0.0 0.0 0.0 0.0 0.0 0.0 0.0 0.9611351445942499 
0.42553536934066116 0.0 0.9157243246497663 0.0 0.0 0.0 0.0 0.28321707103442795 0.0 0.0924041839678369 0.0 0.0 0.0 0.0 0.0 0.0 0.0 0.0 0.0 0.0 0.0 0.5212336729572602 0.3070463673202586 0.0 0.7319946666049288 0.0 0.0 0.0 0.7234620171481319 0.16611501390510297 0.0 0.0 0.0 0.0 0.0 0.0 0.0 0.0 0.13390048735832538 0.0 0.0 0.0 0.10846805587016739 0.0 0.24454872824212548 0.5766241296227013 0.0 0.0 0.0 0.0506730311086252 0.0 0.0 0.0 0.0 0.0 0.0 0.0 0.15887235998457128 0.1590783174422391 0.0 
0.0 0.2479446218753567 0.0 0.0 0.0 0.35646873800922196 0.0 0.2814033516660557 0.0 0.0 0.0 0.0 0.0 0.0 0.0 0.0 0.0 0.0 0.0 0.9454662963024529 0.0 0.7884292255131196 0.0 0.32857481192293925 0.22507166026164416 0.0 0.0 0.0 0.0 0.0 0.7603648658124387 0.0 0.0 0.6222606039046502 0.0 0.0 0.08068819911911462 0.0 0.09876170523684547 0.0 0.0 0.17400287931233127 0.0 0.0 0.0 0.0 0.05280091193821301 0.0 0.0 0.0 0.0 0.0 0.0 0.0 0.0 0.5143978188821903 0.0 0.7453103921438701 0.0 0.6211247205784828 
0.0 0.0 0.0 0.0 0.0 0.0 0.010602291072916437 0.0 0.0 0.0 0.0 0.0 0.0 0.0 0.0 0.0 0.0 0.8636893444438003 0.730774307673692 0.0 0.0 0.0 0.0 0.0 0.22536867821410256 0.30166141606099983 0.4243532537028474 0.6222190136305151 0.0 0.052254962727246945 0.39181759915570613 0.0 0.0 0.0 0.0 0.0 0.0 0.22666266003294944 0.2883414278615871 0.0 0.0 0.0 0.0 0.0 0.0 0.0 0.0 0.0 0.0 0.0 0.0 0.04075692947816156 0.0 0.0 0.0 0.0 0.9304943121992886 0.0 0.0 0.0 
0.225423448115866 0.9904460548755537 0.0 0.0 0.0 0.0 0.0 0.0 0.0 0.0 0.0 0.0 0.0 0.0 0.0 0.5278907937721606 0.0 0.5746111329508529 0.0 0.0 0.0 0.0 0.0 0.0 0.295457890041384 0.0 0.0 0.0 0.0 0.004056786620952102 0.4409452357343281 0.0 0.0 0.0 0.0 0.4430879634587709 0.0 0.0 0.0 0.0 0.0 0.0 0.0 0.0 0.7908997334391275 0.0 0.0 0.0 0.0 0.0 0.8937637675188956 0.9926830885530645 0.4631507331862349 0.0 0.0 0.0 0.23693403657126155 0.9974265771954023 0.0 0.0 
0.0 0.0 0.0 0.0 0.8101179343299182 0.5700108960327087 0.0 0.9659844944339392 0.0 0.0 0.0 0.0 0.0 0.6755674411732187 0.0 0.0 0.0 0.0 0.5867885408120783 0.0 0.0 0.0 0.0 0.0 0.0 0.0 0.0 0.0 0.0 0.0 0.0 0.9534408358637929 0.0 0.0 0.10798521780825465 0.0 0.0 0.0 0.9999157894382847 0.0836756659069452 0.0 0.23935154310962337 0.0 0.17223485528628035 0.34648830042108625 0.0 0.0 0.0 0.6606328696293075 0.37701242499809806 0.0 0.0 0.0 0.0 0.11720244649543377 0.0 0.0 0.0 0.0 0.0 
0.0 0.0 0.7043836790454819 0.0 0.18501811187279704 0.0 0.0 0.0 0.0 0.0 0.0 0.0 0.0 0.0 0.0 0.0 0.879406437951277 0.4285584190309969 0.0 0.0 0.0 0.0 0.0 0.0 0.0 0.10813517654258065 0.7462896486597024 0.0 0.0 0.0 0.25739512374147167 0.0 0.08088700731078102 0.0 0.0 0.0 0.0 0.0 0.0 0.0 0.0 0.0 0.5373761607248052 0.0 0.0 0.28193671226273 0.0 0.0 0.0 0.0 0.0 0.0 0.39116038756756055 0.016858828661854397 0.0 0.18929730410060885 0.0 0.0 0.0 0.821556381712478 
0.6959256281180854 0.0 0.0 0.0 0.0 0.0 0.0 0.0 0.36988565787172345 0.0 0.0 0.0 0.0 0.24787461043969317 0.0 0.4149449265795352 0.0 0.0 0.0 0.0 0.0 0.0 0.0 0.0 0.15210164825539363 0.0 0.0 0.0 0.0 0.0 0.0 0.05032257595784051 0.6237799037149871 0.0 0.0 0.0 0.3536062000682315 0.0 0.0 0.0 0.0 0.0 0.9063742684366413 0.0 0.25022854304920794 0.0 0.0 0.6676575403965399 0.0 0.8686529064848613 0.0 0.0 0.0 0.0 0.0 0.0 0.0 0.840764331091441 0.0 0.0 
0.5876815102057349 0.48517803212496 0.0 0.9071447164743383 0.0 0.0 0.0 0.0 0.0 0.5877920702294003 0.0 0.0 0.29512044200337917 0.0 0.0 0.0 0.0 0.28620324988493684 0.0 0.04071827265791228 0.7837224877376355 0.0 0.0 0.6105225395110951 0.0 0.7399580024766604 0.0 0.0 0.0 0.0 0.0 0.0 0.0 0.5289840226461464 0.7403236739869791 0.0 0.0 0.0 0.0 0.0 0.0 0.0 0.0 0.0 0.0 0.0 0.0 0.0 0.0 0.0 0.0 0.0 0.0 0.0 0.0 0.9805549563604976 0.0 0.0 0.0 0.0 
0.0 0.0 0.15086991206370448 0.0 0.0 0.0 0.04496378107660859 0.0 0.538242668493049 0.0 0.0 0.0 0.0 0.6467747697063272 0.0 0.21678444980993372 0.0 0.7389012361440723 0.0 0.0 0.9728016193112129 0.0 0.0 0.0 0.8147919759502731 0.0 0.0 0.0 0.0 0.0 0.0 0.0 0.9170838065312067 0.0 0.0 0.0 0.0 0.9716553909101233 0.0 0.0 0.33016924935870606 0.0 0.0 0.5956851471882133 0.0 0.0 0.0 0.8613057197131273 0.0 0.0 0.0 0.0 0.6679856441268756 0.0 0.0 0.0 0.8458243925459753 0.0 0.0 0.0 
0.0 0.06758461313828523 0.8090042977411541 0.899151979894179 0.0 0.0 0.0 0.6661467803583222 0.0 0.0 0.7107980621382289 0.0 0.0 0.1577900569153179 0.0 0.0 0.7667052449012467 0.0 0.0 0.0 0.0 0.0 0.0 0.0 0.0 0.0 0.0 0.0 0.0 0.31744453235115366 0.0 0.0 0.0 0.5886613624022354 0.22574142377067752 0.9250423360180379 0.0 0.0 0.0 0.0 0.0 0.4591375011898663 0.0 0.0 0.0 0.020136345146799295 0.0 0.0 0.0 0.0 0.0 0.0 0.0 0.0 0.0 0.0 0.0 0.8359698627846839 0.0 0.0 
0.0 0.0 0.0 0.0 0.9715253699920104 0.0 0.0 0.0 0.7063472887140108 0.0 0.38930297914547984 0.0 0.0 0.0 0.0 0.6640469611981088 0.0 0.0 0.35039337250839075 0.0 0.0 0.0 0.0 0.0 0.8251077448719928 0.0 0.0 0.0 0.0 0.0 0.0 0.5711313670348475 0.0866367369566946 0.0 0.0 0.0 0.0 0.9278555251380882 0.0 0.0 0.1947415104471948 0.0 0.0 0.0 0.0 0.0 0.0 0.24571496685175076 0.0 0.0 0.0 0.27220653199638756 0.0 0.0 0.35490479548852527 0.0 0.7183744614079349 0.0 0.0 0.0 
0.15675856478438732 0.0 0.0 0.0 0.0 0.0 0.0 0.0 0.22897181004489742 0.0 0.0 0.6044230247639352 0.0 0.0 0.0 0.0 0.0 0.0 0.6274418533950381 0.0 0.7091174688173763 0.0 0.0 0.0 0.0 0.6175569663199121 0.0 0.0 0.0 0.0 0.0 0.4427987500304641 0.0 0.0 0.0 0.396031710787315 0.0 0.4103402518435799 0.0 0.0 0.0 0.4070220027000536 0.0 0.18326499409416708 0.0 0.0 0.0 0.914400111894318 0.0 0.0 0.0 0.0 0.586093944459081 0.0 0.01022799319418588 0.0 0.0 0.7289308537289229 0.0 0.0 
0.0 0.0 0.0 0.0 0.0 0.9167529970617455 0.48102223244486386 0.0 0.0 0.0 0.14046460248298465 0.0 0.0875118864878126 0.4099338060732649 0.0 0.0 0.7354575247415261 0.0 0.0 0.0 0.0 0.0 0.0 0.32747351381463297 0.0 0.0 0.0 0.0 0.0 0.0 0.6369510978080627 0.0 0.20463426163117904 0.30805962966122913 0.0 0.0 0.0 0.556431959063802 0.0 0.0 0.0 0.0 0.0 0.4822306279181776 0.0 0.0 0.0 0.0 0.0 0.0 0.11601029358587722 0.0 0.0 0.786181279160082 0.0 0.0 0.0 0.0 0.0 0.0 
0.0 0.8476716525097001 0.4347667241614862 0.0 0.0 0.0 0.10299307827199533 0.0 0.0 0.0 0.0 0.0 0.2944044461488051 0.13122629896239746 0.0 0.0 0.0 0.0 0.0 0.0 0.0 0.0 0.7333361228753629 0.896525181977283 0.0 0.0 0.0 0.0 0.0 0.0 0.0 0.0 0.0 0.0 0.8829110061179631 0.8805037071584452 0.0 0.0 0.0 0.22060157706194794 0.0 0.0 0.0 0.0 0.0 0.04355059403644823 0.0 0.0 0.6116285583825488 0.11699846160134275 0.0 0.0 0.0 0.0 0.15380512439640504 0.0 0.0 0.0 0.0 0.0 
0.0 0.0 0.0 0.0 0.0 0.0 0.0 0.0 0.0 0.8682282980163083 0.0 0.0 0.0 0.5580867672511233 0.5309264787745044 0.0 0.8641138625512073 0.0 0.0 0.0 0.0 0.0 0.0 0.0 0.0 0.0 0.1421371445115397 0.0 0.0 0.0 0.0 0.0 0.0 0.0 0.0 0.0 0.6184927445651567 0.0 0.0525928952018766 0.0 0.0 0.2252435749043119 0.0 0.0 0.0 0.0 0.9726688645376915 0.0 0.0 0.0 0.0 0.0 0.0 0.0 0.0 0.16356234827129335 0.8976103297468492 0.0 0.3084953377071725 0.7517824568571706 
0.0 0.0 0.0 0.2574918017850094 0.7037705624494613 0.6905087448702707 0.0 0.0 0.0 0.0 0.0 0.42757663475344077 0.46497322124983387 0.0 0.11706536649461874 0.0 0.0 0.0 0.0 0.8508335798775986 0.0 0.0 0.0 0.23004782680721403 0.0 0.0 0.4947078444910954 0.180778149522003 0.0 0.0 0.0 0.0 0.0 0.0 0.0 0.716838311698746 0.0 0.0 0.0 0.6389754162765835 0.36871704242793835 0.0 0.0 0.0 0.0 0.0 0.3111428698942461 0.0 0.0 0.0 0.0 0.0 0.0 0.0 0.0 0.6483286014384244 0.0 0.0 0.0 0.0 
0.0 0.0 0.004893425817906527 0.0 0.0 0.8785033877483376 0.0 0.0 0.0 0.0 0.0 0.0 0.0 0.0 0.0 0.0 0.014759196022497867 0.6366599295081127 0.0 0.0 0.5220674093821447 0.0 0.0 0.0 0.0 0.0 0.0 0.0 0.31378146942250995 0.0 0.0 0.0 0.0 0.0 0.0 0.0 0.44854732471420344 0.6464547320755749 0.0 0.0 0.0 0.9362550682584895 0.0 0.0 0.0 0.0 0.8342104703426568 0.0 0.0 0.0 0.0 0.5877206817104881 0.0 0.22635473953216179 0.659011067768702 0.0 0.0 0.0 0.5417103878657462 0.4685664948404129 
0.3275722016365601 0.0 0.11795335896050874 0.8666860209729069 0.0 0.0 0.0 0.8222984776086433 0.0 0.0 0.628403466912032 0.0 0.0 0.0 0.0 0.0 0.0 0.0 0.0 0.7263496782542757 0.0 0.0 0.2858139103423333 0.0 0.0 0.6550591322991273 0.0 0.0 0.6067730596624384 0.0 0.0 0.0 0.0 0.0 0.0 0.0 0.0 0.0 0.0 0.0 0.0 0.0 0.0 0.0 0.0 0.0 0.0 0.0 0.4252953699640334 0.0 0.1497894912854495 0.0 0.14598188608575802 0.554405052017264 0.0 0.0 0.0 0.0 0.0 0.0 
0.0 0.0 0.0 0.617982148172163 0.0 0.0 0.0 0.0 0.0 0.0 0.0 0.613368419780409 0.0 0.05218477361832108 0.7503524355205502 0.0 0.0 0.0 0.3127335275598826 0.0 0.0 0.8680931658906119 0.0 0.0 0.0 0.0 0.20207488940976115 0.0 0.0 0.0 0.0 0.0 0.4329062055046672 0.0 0.040484141793802775 0.0 0.837537140546917 0.0 0.0 0.08001137074117859 0.41158533542794173 0.0 0.0 0.0 0.0 0.0 0.0 0.0 0.5452974265615868 0.0 0.0 0.0 0.0 0.0 0.0 0.0 0.799311415305158 0.0 0.0 0.9197449460133471 
0.0 0.4668165344927747 0.07122522551998678 0.8017781721140251 0.0 0.0 0.3817983489331934 0.7238402276991056 0.0 0.0 0.0 0.0 0.0 0.0 0.0 0.0 0.9903786498243026 0.0 0.0 0.3330388261107784 0.0 0.0 0.0 0.0 0.0 0.0 0.0 0.0 0.0 0.0 0.0 0.507383467738238 0.0 0.0 0.0 0.0 0.0 0.0 0.17941673499898148 0.0 0.9529653407856509 0.0 0.0 0.0 0.0 0.47013490176085326 0.0 0.37037276311277534 0.0 0.0 0.0 0.0 0.25049444818461264 0.0 0.0 0.0 0.0 0.0 0.177665576587556 0.0 
0.0 0.0 0.0 0.0 0.0 0.0 0.0 0.8659663699395524 0.0 0.0 0.7587572207363474 0.0 0.0 0.0 0.0 0.0 0.0 0.0 0.0 0.0 0.0 0.0 0.17640888368344132 0.0 0.0 0.0 0.0 0.3207202156087763 0.0 0.0 0.8310212151881315 0.0 0.0 0.1339124801875985 0.0 0.0 0.7507262385333665 0.0 0.0 0.0 0.9848164478049102 0.0 0.0 0.20977087847756515 0.3390335199927017 0.0 0.45558729760343686 0.0 0.0 0.0 0.08179680998806715 0.0 0.0 0.0 0.0 0.9059552209045149 0.0 0.20506553767170388 0.0 0.0 
0.0 0.0 0.0 0.0 0.0 0.0 0.0 0.0 0.8241907538790977 0.0 0.24670089874540724 0.0 0.0 0.07991180991568847 0.6528114954906009 0.0 0.0 0.0 0.0 0.0 0.0 0.0 0.49620709557043285 0.0 0.0 0.0 0.0 0.0 0.17094694052111703 0.0 0.0 0.0 0.8810413523362948 0.7599663785612953 0.0 0.0 0.0 0.0 0.9682863900846632 0.0 0.3185268315617704 0.0 0.0 0.0 0.0 0.0 0.0 0.0 0.0 0.0 0.4008936148422848 0.0 0.0 0.0 0.0 0.0 0.0 0.06965867157086625 0.3286813117364219 0.41760360181245404 
0.0 0.0 0.7443843591440075 0.09077027702960705 0.0 0.18439316392581417 0.47786238860629104 0.0 0.3596714162677327 0.0 0.0 0.0 0.0 0.0 0.4032848289642238 0.0 0.0 0.0 0.0 0.1180944168900212 0.0 0.0 0.0 0.0 0.0 0.0 0.0 0.0 0.0 0.0 0.0 0.0 0.0 0.0 0.5071754737954925 0.7033397343298013 0.0 0.0 0.0 0.6395249515167961 0.0 0.511154314153818 0.0 0.0 0.4972392769261944 0.1030486439690731 0.0 0.0 0.0 0.0 0.0 0.0 0.0 0.0 0.0 0.0 0.34500485075462706 0.49092105504536776 0.0 0.03105609286204003 
0.0 0.0 0.0 0.0 0.0 0.5978280213901979 0.0 0.0 0.0 0.44893626067883863 0.0 0.0 0.0 0.0 0.0 0.0 0.0 0.40546509378471973 0.0 0.0 0.09655639236658553 0.0 0.0 0.2806688029646922 0.0 0.3820564363371223 0.1406100489216644 0.0 0.0 0.0 0.0 0.0 0.0 0.0 0.3757078301211437 0.12528594739811616 0.0 0.0 0.0 0.0 0.0 0.0 0.0 0.0 0.0 0.0 0.7423240049626693 0.0 0.0 0.8061063287531773 0.9519898413267673 0.0 0.0 0.0 0.0 0.0 0.0 0.0 0.0 0.0 
0.0 0.0 0.0 0.6396422013394936 0.0 0.0 0.0 0.0 0.0 0.0 0.0 0.44019506932324226 0.0 0.0 0.0 0.0 0.887722720389314 0.0 0.0 0.0 0.0 0.24585121513880115 0.0 0.0 0.23161268341714425 0.0 0.0 0.4194455183086443 0.0 0.0 0.0 0.31515404713183726 0.0 0.0 0.0 0.0 0.0 0.0 0.0 0.0 0.0 0.0 0.0 0.0 0.0 0.0 0.0 0.0 0.9655055331991202 0.0 0.0 0.0 0.6028636349967951 0.9561384996591521 0.0 0.8718488006579067 0.0 0.0 0.7155179786587926 0.0 
0.0 0.36048326051059787 0.0 0.0 0.0 0.0 0.761990896896146 0.0 0.178192115806045 0.36064465837775483 0.0 0.0 0.0 0.2995729571477922 0.3468542487995392 0.0 0.0 0.0 0.0 0.0 0.0 0.2114300822482822 0.0 0.0 0.014748763514887853 0.7393842797071289 0.5387265362762595 0.7378628793580231 0.0 0.4565264596755956 0.0 0.0 0.0 0.0 0.0 0.0 0.0 0.0 0.0 0.0 0.0 0.0 0.0 0.24291934493595158 0.0 0.0 0.0 0.0 0.0 0.0 0.0 0.9427413636798502 0.0 0.051590134634673324 0.0 0.0 0.0 0.0 0.0 0.0 
0.0 0.0 0.0 0.0 0.0 0.0 0.0 0.0 0.0 0.0 0.0 0.0 0.0 0.0 0.0 0.6526146948681195 0.0 0.0 0.0 0.0 0.2428425981766137 0.649333513963929 0.0 0.7193778478492662 0.7268582207372881 0.0 0.9345026577004899 0.0 0.0 0.6509676305241923 0.0 0.0 0.027498580695483943 0.06221728493624912 0.0 0.6834079220337379 0.0 0.0 0.66898000300512 0.0322443796198445 0.0 0.0 0.0 0.0 0.0 0.0 0.0 0.0 0.0 0.0 0.0 0.14093336367749665 0.4078935010993432 0.0 0.0 0.0 0.0 0.0 0.0 0.33504977832419136 
0.0 0.484915650745845 0.0 0.0 0.26354573617411714 0.0 0.658517390532923 0.0 0.0 0.0 0.0 0.6801855922726566 0.5459141056205845 0.0 0.0 0.0 0.2995770688797782 0.3106464943295062 0.0 0.0 0.0 0.4968914573376776 0.0 0.026588353796509256 0.0 0.0 0.0 0.0 0.0 0.6318186005788455 0.0 0.0 0.0 0.0 0.0 0.0 0.0 0.5257289850980383 0.0 0.0 0.0 0.0 0.0 0.0 0.0 0.0 0.0 0.0 0.0 0.0 0.0 0.9074800538696981 0.0 0.0 0.0 0.0 0.0 0.0 0.14256525956417798 0.8681700955410573 
0.0 0.37824695994631674 0.0 0.1940989644790907 0.0 0.0 0.5483310004885105 0.0 0.0 0.0 0.7869861475541426 0.0 0.0 0.0 0.0 0.0 0.0 0.0 0.0 0.0 0.0 0.5489598450097587 0.0 0.0 0.0 0.0 0.4092502843928916 0.0 0.0 0.4514012758518562 0.5906525219177239 0.0 0.0 0.156028546402027 0.0 0.6756476987360187 0.9115642049995035 0.0 0.0 0.0 0.0 0.0 0.0 0.9462452895863099 0.0 0.0 0.0 0.0 0.0 0.0 0.40113388358296576 0.1827009644533738 0.0 0.0 0.0 0.7179633971556486 0.0 0.0 0.0 0.0 
0.0 0.2652583572581646 0.0 0.0 0.0 0.0 0.0 0.10333781627913896 0.0 0.2751541160008737 0.0 0.0 0.0 0.0 0.0 0.0 0.0 0.0 0.0 0.4564363446680426 0.0 0.0 0.0 0.627620211556921 0.0 0.0 0.0 0.8830941051592679 0.0 0.0 0.0 0.0 0.0 0.0 0.10168001747985034 0.0 0.0 0.0 0.0 0.8627432230495626 0.0 0.5014055522226055 0.41919760830886066 0.0 0.0 0.8092052881623042 0.5483084704157678 0.3660438657130012 0.0 0.0 0.0 0.1259931008862748 0.0 0.0 0.0 0.0 0.0 0.0 0.0 0.0 
0.0 0.375527105650427 0.0 0.0 0.7697188108470361 0.0 0.0 0.0 0.0 0.0 0.0 0.0 0.7262041383536915 0.0 0.0 0.12151451464256746 0.0 0.0 0.0 0.11947570312208367 0.9540230256829481 0.14565428573574257 0.0 0.0 0.0 0.17335107915425796 0.0 0.0 0.18688235211325077 0.0 0.0 0.0 0.0 0.0 0.0 0.0 0.15702677076647176 0.0 0.0 0.0 0.0 0.0 0.0 0.0 0.0 0.0 0.0 0.0 0.0 0.0 0.0 0.8162514865741415 0.0 0.0 0.0 0.0 0.0 0.0 0.0723349107314385 0.0 
0.0 0.0 0.0 0.0 0.0 0.0 0.0 0.0 0.0 0.0 0.05419909088530395 0.0 0.0 0.0 0.2836518937066671 0.0 0.0 0.0 0.0 0.0 0.14344190898218823 0.0 0.0 0.0 0.0 0.0 0.0 0.2286835877739073 0.0 0.5543189652582389 0.2530587461494497 0.0 0.03078483579186786 0.0 0.0 0.0 0.0 0.8672459670070599 0.8259550919720359 0.0 0.0 0.0 0.0 0.0 0.0 0.0 0.8587950727591744 0.0 0.8017413977746367 0.0 0.0 0.0 0.0 0.0 0.664669842221371 0.0 0.0 0.6066833937915536 0.9134633611283848 0.0 
0.0 0.0 0.0 0.4704991901390797 0.0 0.0 0.22549818518592024 0.0 0.0 0.0 0.0 0.0 0.0 0.49121218220542584 0.0 0.0 0.0 0.1443580795397611 0.0 0.0 0.0 0.0 0.0 0.0 0.0 0.0 0.0 0.0 0.0 0.0 0.0 0.0 0.0 0.0 0.0 0.0 0.0 0.0 0.348149238119139 0.5439305711740098 0.1142307362239634 0.0 0.0 0.0 0.0 0.9268174812284485 0.4731625344333077 0.0 0.0 0.0 0.0 0.0 0.0 0.6863255992943114 0.0 0.0 0.9008123840314474 0.7268931058101304 0.0 0.0 
0.0 0.0 0.0 0.38884746690407834 0.0 0.0 0.0 0.041510606044597664 0.0 0.0 0.2739275904403712 0.0 0.0 0.0 0.0 0.0 0.0 0.0 0.3473458279349696 0.836011170001197 0.0 0.0 0.0 0.0 0.09259223601645672 0.0 0.2592985385351121 0.0 0.6641103598246624 0.0 0.0 0.7840660742735283 0.0 0.0 0.0 0.0 0.0 0.0 0.0 0.0 0.0 0.0 0.0 0.29564098672435224 0.0 0.0 0.0 0.9313232112080522 0.0 0.0 0.0 0.0 0.0 0.0 0.9256408466062122 0.0 0.9133259028095878 0.0 0.0 0.0 
0.0 0.0 0.0 0.0 0.0 0.0 0.0 0.0 0.0 0.11292905790635754 0.0 0.0 0.0236241360956696 0.529897038558438 0.0 0.0 0.0 0.8887453378391218 0.0 0.0 0.0 0.9277399558046361 0.6109200476911425 0.5383595053193705 0.0 0.0 0.0 0.0 0.0 0.0 0.0 0.6914619078024664 0.9499242762080615 0.0 0.0 0.0 0.0 0.0 0.0 0.8886661270804666 0.9851591930371896 0.0 0.0 0.0 0.0 0.0 0.0 0.0 0.0 0.25368432598877155 0.0 0.0 0.6285746458152458 0.0 0.9321334667686461 0.0 0.0 0.0 0.0 0.0 
0.10581132918366598 0.0 0.0 0.0 0.0 0.0 0.3327323512925552 0.0 0.0 0.336193406738745 0.0 0.6160261312298534 0.0 0.0 0.2561978126613873 0.0 0.0 0.0 0.0 0.0 0.7515158605661335 0.0 0.0 0.0 0.0 0.0 0.0 0.6585316112250442 0.0 0.0 0.0 0.9906588033842212 0.0 0.5570086369306213 0.0 0.33315862795134077 0.0 0.0 0.0 0.0 0.0 0.0 0.6530020903035201 0.0 0.0 0.02763798259201855 0.0 0.6741615015541775 0.0 0.0 0.45510846623131207 0.0 0.0 0.0 0.0 0.0 0.0 0.0 0.0 0.08294093948498193 
0.42436887651417465 0.0 0.0 0.0 0.0 0.0 0.0 0.0 0.5412170842935313 0.0 0.0 0.0 0.0 0.0 0.0 0.0 0.0 0.6543909488110625 0.8709750427975175 0.0 0.0 0.06467970971492654 0.0 0.0 0.0 0.0 0.0 0.0 0.970007333021355 0.0 0.9181634519894089 0.0 0.0 0.17564557355164634 0.0 0.0 0.652380620501868 0.0 0.0 0.0 0.0 0.0 0.36285334572439276 0.0 0.8658569102136524 0.3769016798921101 0.0 0.07429468310430065 0.6649782786919315 0.0 0.0 0.0 0.0 0.0 0.9052813621898218 0.0 0.0 0.0 0.0 0.1768049530144924 
0.0 0.0 0.0 0.0 0.14383936513980222 0.0 0.0 0.0 0.8377906342923489 0.0 0.0 0.0 0.0 0.0 0.0 0.0 0.0 0.0 0.0 0.0 0.0 0.0 0.0 0.0 0.7650666231588314 0.0 0.0 0.0 0.26167583166758734 0.6603715981459749 0.0 0.0 0.0 0.0 0.0 0.0 0.0 0.0 0.0 0.7072353243616859 0.0 0.0 0.0 0.0 0.0 0.0 0.8804994994308446 0.0 0.865742238562265 0.22137621290415466 0.0 0.0 0.26151570632761423 0.7577169090932256 0.0 0.37149190786699493 0.0 0.0 0.0 0.0 
0.0 0.0 0.0 0.0 0.0 0.0 0.0 0.20644333468187648 0.0 0.7121722867246669 0.0 0.0 0.0 0.0 0.0 0.8839419781487268 0.0 0.19670397820027008 0.0 0.0 0.0 0.0 0.0 0.0 0.09511382762860643 0.0 0.0 0.0 0.0 0.0 0.0 0.45365318304636193 0.0 0.656760130830379 0.0 0.0 0.0 0.0 0.0 0.0 0.0 0.16414174677653703 0.0 0.0 0.10939610323044346 0.0 0.0 0.0 0.0 0.4625884020026044 0.5301971811427205 0.0 0.0 0.0 0.0 0.0 0.0 0.0 0.0 0.9572856977184347 
0.44031818116474664 0.37307037861788506 0.7726402296651194 0.0 0.4461823832553595 0.0 0.0 0.0 0.7166961658332617 0.0 0.0 0.0 0.0 0.0 0.0 0.0 0.847466780923946 0.0 0.0 0.0 0.0 0.2161380163703509 0.0 0.0 0.0 0.0 0.0 0.0 0.0 0.0 0.0 0.0 0.8747537242217757 0.5146410723124774 0.0 0.0 0.0 0.0 0.0 0.0 0.0 0.0 0.0 0.2654460381516651 0.0 0.0 0.0 0.0 0.8638725454195013 0.0 0.4358126233718551 0.0 0.0 0.0 0.22092835912198971 0.0 0.0 0.5215162651648619 0.0 0.0 
