50 20 10000
0.7391993747156724 0.0 0.0 0.0 0.0 0.0 0.0 0.0 0.0 0.0 0.0 0.0 0.0 0.0 0.0 0.0 0.0 0.0 0.0 0.0 0.0 0.0 0.0 0.0 0.0 0.0 0.0 0.0 0.0 0.0 0.0 0.0 0.0 0.0 0.0 0.0 0.0 0.0 0.0 0.0 0.0 0.0 0.0 0.0 0.0 0.0 0.0 0.0 0.0 0.0 
0.0 0.8855782109605959 0.0 0.0 0.0 0.0 0.0 0.0 0.0 0.0 0.0 0.0 0.0 0.0 0.0 0.0 0.0 0.0 0.0 0.0 0.0 0.0 0.0 0.0 0.0 0.0 0.22166464463358077 0.0 0.0 0.0 0.0 0.0 0.0 0.0 0.0 0.0 0.0 0.0 0.0 0.0 0.0 0.0 0.0 0.0 0.0 0.0 0.0 0.0 0.0 0.0 
0.0 0.0 0.6721327451918376 0.0 0.0 0.0 0.0 0.0 0.0 0.0 0.2117878111723184 0.0 0.0 0.0 0.0 0.0 0.0 0.0 0.0 0.0 0.0 0.0 0.0 0.0 0.0 0.0 0.0 0.021015435812836936 0.0 0.0 0.0 0.0 0.0 0.0 0.0 0.0 0.0 0.0 0.0 0.0 0.0 0.0 0.0 0.0 0.0 0.0 0.0 0.0 0.0 0.0 
0.0 0.0 0.0 0.7558527254919902 0.0 0.0 0.0 0.0 0.0 0.0 0.0 0.036377193259760215 0.0 0.0 0.0 0.0 0.0 0.0 0.0 0.0 0.0 0.0 0.0 0.0 0.0 0.0 0.0 0.0 0.007028130539722427 0.0 0.0 0.0 0.0 0.0 0.0 0.0 0.0 0.0 0.0 0.0 0.0 0.0 0.0 0.0 0.0 0.0 0.0 0.0 0.0 0.0 
0.0 0.0 0.0 0.0 0.5448543264620924 0.0 0.0 0.0 0.0 0.0 0.0 0.0 0.014054115117271476 0.0 0.0 0.2116729334883868 0.0 0.0 0.0 0.0 0.0 0.0 0.0 0.0 0.0 0.0 0.0 0.0 0.0 0.024080198617876802 0.0 0.0 0.0 0.0 0.0 0.0 0.0 0.0 0.0 0.0 0.0 0.0 0.0 0.0 0.0 0.0 0.0 0.0 0.0 0.0 
0.0 0.0 0.0 0.0 0.0 0.563261188069016 0.0 0.0 0.0 0.0 0.0 0.0 0.0 0.24269457257099822 0.0 0.0 0.02211178395310165 0.0 0.0 0.0 0.0 0.0 0.0 0.0 0.0 0.0 0.0 0.0 0.0 0.0 0.1428704550795296 0.0 0.0 0.0 0.0 0.0 0.0 0.0 0.0 0.0 0.0 0.0 0.0 0.0 0.0 0.0 0.0 0.0 0.0 0.0 
0.0 0.0 0.0 0.0 0.0 0.0 0.8460027564084329 0.0 0.0 0.0 0.0 0.0 0.0 0.0 0.07196650462304022 0.04378490721005762 0.0 0.03025035911929988 0.0 0.0 0.0 0.0 0.0 0.0 0.0 0.0 0.0 0.0 0.0 0.0 0.0 0.15881538823429192 0.0 0.0 0.0 0.0 0.0 0.0 0.0 0.0 0.0 0.0 0.0 0.0 0.0 0.0 0.0 0.0 0.0 0.0 
0.0 0.0 0.0 0.0 0.0 0.0 0.0 0.8156600497222 0.0 0.0 0.0 0.0 0.0 0.0 0.0 0.11329807719941484 0.08555980597614662 0.0 0.22251448457330136 0.0 0.0 0.0 0.0 0.0 0.0 0.0 0.0 0.0 0.0 0.0 0.0 0.0 0.1983165928624715 0.0 0.0 0.0 0.0 0.0 0.0 0.0 0.0 0.0 0.0 0.0 0.0 0.0 0.0 0.0 0.0 0.0 
0.0 0.0 0.0 0.0 0.0 0.0 0.0 0.0 0.758178361437879 0.0 0.0 0.0 0.0 0.0 0.0 0.0 0.09034655606324135 0.20424467344616404 0.0 0.21586918878583025 0.0 0.0 0.0 0.0 0.0 0.0 0.0 0.0 0.0 0.0 0.0 0.0 0.0 0.23821398417552328 0.0 0.0 0.0 0.0 0.0 0.0 0.0 0.0 0.0 0.0 0.0 0.0 0.0 0.0 0.0 0.0 
0.0 0.0 0.0 0.0 0.0 0.0 0.0 0.0 0.0 0.610406061292238 0.0 0.0 0.0 0.0 0.0 0.0 0.0 0.0723362618344085 0.047462163015531744 0.0 0.10027951296053789 0.0 0.0 0.0 0.0 0.0 0.0 0.0 0.0 0.0 0.0 0.0 0.0 0.0 0.1982944479375712 0.1578111774531291 0.0 0.0 0.0 0.0 0.0 0.0 0.0 0.0 0.0 0.0 0.0 0.0 0.0 0.0 
0.0 0.0 0.2117878111723184 0.0 0.0 0.0 0.0 0.0 0.0 0.0 0.5512157383471239 0.0 0.0 0.0 0.0 0.0 0.0 0.0 0.24359893973903768 0.09141441568105507 0.0 0.14093110687904756 0.0 0.0 0.0 0.0 0.0 0.0 0.0 0.0 0.0 0.0 0.0 0.0 0.0 0.0 0.23102005315471302 0.0 0.0 0.0 0.0 0.0 0.0 0.0 0.0 0.0 0.0 0.17613445951456536 0.0 0.0 
0.0 0.0 0.0 0.036377193259760215 0.0 0.0 0.0 0.0 0.0 0.0 0.0 0.947500243614899 0.0 0.0 0.0 0.0 0.0 0.0 0.0 0.1086082815076212 0.1737401826145963 0.0 0.22304221035920263 0.0 0.0 0.0 0.0 0.0 0.0 0.0 0.0 0.0 0.0 0.0 0.0 0.0 0.0 0.10880465349191681 0.0 0.0 0.0 0.0 0.0 0.0 0.21987552211771935 0.0 0.0 0.0 0.03478081889910686 0.0 
0.0 0.0 0.0 0.0 0.014054115117271476 0.0 0.0 0.0 0.0 0.0 0.0 0.0 0.6215212854420122 0.2126845303765663 0.0 0.0 0.0 0.0 0.0955759321812395 0.0 0.2188606689168154 0.07056083031351651 0.0 0.2375004725636214 0.0 0.0 0.0 0.0 0.0 0.0 0.0 0.0 0.0 0.0 0.0 0.0 0.0 0.0 0.0 0.0869300684810822 0.0 0.0 0.0 0.0 0.0 0.21398927698567083 0.0 0.0 0.0 0.19442691706316267 
0.0 0.0 0.0 0.0 0.0 0.24269457257099822 0.0 0.0 0.0 0.0 0.0 0.0 0.2126845303765663 0.6907083397057072 0.06807551943760187 0.0 0.0 0.0 0.0 0.21095606903244862 0.0 0.05656807421923232 0.09079346063659813 0.0 0.09310444479565821 0.0 0.0 0.0 0.0 0.0 0.0 0.0 0.0 0.0 0.0 0.0 0.0 0.0 0.0 0.0 0.04601154854978037 0.11395442032643366 0.0 0.0 0.0 0.0 0.07210124268894899 0.0 0.0 0.0 
0.0 0.0 0.0 0.0 0.0 0.0 0.07196650462304022 0.0 0.0 0.0 0.0 0.0 0.0 0.06807551943760187 0.7609106937591499 0.0151417521319335 0.0 0.0 0.0 0.0 0.24143630844735026 0.0 0.06605706434815017 0.07122148439779252 0.0 0.1498579871839447 0.0 0.0 0.0 0.0 0.0 0.0 0.0 0.0 0.0 0.0 0.0 0.0 0.0 0.0 0.0 0.12017475942918157 0.16261774362687098 0.0 0.0 0.0 0.0 0.11204103335099061 0.0 0.0 
0.0 0.0 0.0 0.0 0.2116729334883868 0.0 0.04378490721005762 0.11329807719941484 0.0 0.0 0.0 0.0 0.0 0.0 0.0151417521319335 0.5835868845322993 0.0 0.0 0.04624867214634945 0.0 0.0 0.08898675211720108 0.0 0.016593023587074096 0.16296982122853337 0.0 0.11390358904447298 0.0 0.0 0.0 0.0 0.0 0.0 0.0 0.0 0.0 0.0 0.0 0.0 0.0 0.0 0.0 0.22483260868935248 0.11031159587463654 0.0 0.0 0.0 0.0 0.09946051991209223 0.0 
0.0 0.0 0.0 0.0 0.0 0.02211178395310165 0.0 0.08555980597614662 0.09034655606324135 0.0 0.0 0.0 0.0 0.0 0.0 0.0 0.7237841571278669 0.0 0.0 0.044447597935339894 0.0 0.0 0.021219995875296133 0.0 0.08475099439828529 0.1789009447738221 0.0 0.23879538973638406 0.0 0.0 0.0 0.0 0.0 0.0 0.0 0.0 0.0 0.0 0.0 0.0 0.0 0.0 0.0 0.01693701529842348 0.14618973805931304 0.0 0.0 0.0 0.0 0.180004795151095 
0.0 0.0 0.0 0.0 0.0 0.0 0.03025035911929988 0.0 0.20424467344616404 0.0723362618344085 0.0 0.0 0.0 0.0 0.0 0.0 0.0 0.8361423004439652 0.0 0.0 0.22043314901710798 0.0 0.0 0.12383083434836811 0.0 0.24072625566355657 0.1673131918178975 0.0 0.23671977202376127 0.0 0.0 0.0 0.0 0.0 0.0 0.0 0.0 0.0 0.0 0.0 0.0 0.0 0.0 0.0 0.1321220755290689 0.0 0.0 0.0 0.0 0.0 
0.0 0.0 0.0 0.0 0.0 0.0 0.0 0.22251448457330136 0.0 0.047462163015531744 0.24359893973903768 0.0 0.0955759321812395 0.0 0.0 0.04624867214634945 0.0 0.0 0.5983521484984964 0.0 0.0 0.19860667316887745 0.0 0.0 0.17328890157630433 0.0 0.08557033190290247 0.1949690721695062 0.0 0.22501765992474027 0.0 0.0 0.0 0.18948514346958406 0.0 0.0 0.0 0.0 0.0 0.0 0.0 0.0 0.0 0.0 0.0 0.0030851157078045643 0.0 0.0 0.0 0.0 
0.0 0.0 0.0 0.0 0.0 0.0 0.0 0.0 0.21586918878583025 0.0 0.09141441568105507 0.1086082815076212 0.0 0.21095606903244862 0.0 0.0 0.044447597935339894 0.0 0.0 0.9929430951082004 0.0 0.0 0.1436000230232274 0.0 0.0 0.19260450764165485 0.0 0.10813144860135276 0.22631074845599491 0.0 0.097777013224122 0.0 0.0 0.0 0.20231311856395673 0.0 0.0 0.0 0.0 0.0 0.0 0.0 0.0 0.0 0.0 0.0 0.07309525304963096 0.0 0.0 0.0 
0.0 0.0 0.0 0.0 0.0 0.0 0.0 0.0 0.0 0.10027951296053789 0.0 0.1737401826145963 0.2188606689168154 0.0 0.24143630844735026 0.0 0.0 0.22043314901710798 0.0 0.0 0.7741540336246263 0.0 0.0 0.10216734017284246 0.0 0.0 0.20776040473883156 0.0 0.19493220424180935 0.04235799440907542 0.0 0.014561679555812751 0.0 0.0 0.0 0.0956530955416656 0.0 0.0 0.0 0.0 0.0 0.0 0.0 0.0 0.0 0.0 0.0 0.16380039812215247 0.0 0.0 
0.0 0.0 0.0 0.0 0.0 0.0 0.0 0.0 0.0 0.0 0.14093110687904756 0.0 0.07056083031351651 0.05656807421923232 0.0 0.08898675211720108 0.0 0.0 0.19860667316887745 0.0 0.0 0.514553983864973 0.0 0.0 0.13945177366755065 0.0 0.0 0.0 0.0 0.0 0.07306397660151237 0.0 0.12937552850099487 0.0 0.0 0.0 0.04511909063249575 0.0 0.0 0.0 0.0 0.0 0.0 0.0 0.0 0.0 0.0 0.0 0.22704718707949814 0.0 
0.0 0.0 0.0 0.0 0.0 0.0 0.0 0.0 0.0 0.0 0.0 0.22304221035920263 0.0 0.09079346063659813 0.06605706434815017 0.0 0.021219995875296133 0.0 0.0 0.1436000230232274 0.0 0.0 0.6617094249803805 0.0 0.0 0.19241930010294528 0.0 0.0 0.0 0.0 0.0 0.024191942686775797 0.0 0.08404426023190797 0.0 0.0 0.0 0.23539088933040683 0.0 0.0 0.0 0.0 0.0 0.0 0.0 0.0 0.0 0.0 0.0 0.04155886450941357 
0.0 0.0 0.0 0.0 0.0 0.0 0.0 0.0 0.0 0.0 0.0 0.0 0.2375004725636214 0.0 0.07122148439779252 0.016593023587074096 0.0 0.12383083434836811 0.0 0.0 0.10216734017284246 0.0 0.0 0.644573133261036 0.0 0.0 0.11263489234573718 0.0 0.0 0.0 0.0 0.0 0.13257291736024532 0.0 0.16775031887087755 0.0 0.0 0.0 0.22783028122361107 0.0 0.0 0.0 0.0 0.0 0.0 0.0 0.0 0.0 0.0 0.0 
0.0 0.0 0.0 0.0 0.0 0.0 0.0 0.0 0.0 0.0 0.0 0.0 0.0 0.09310444479565821 0.0 0.16296982122853337 0.08475099439828529 0.0 0.17328890157630433 0.0 0.0 0.13945177366755065 0.0 0.0 0.9745092599070966 0.0 0.0 0.2223804030919547 0.0 0.0 0.0 0.0 0.0 0.14487815279072083 0.0 0.0 0.0 0.0 0.0 0.19920573188616092 0.0 0.0 0.0 0.0 0.0 0.0 0.0 0.0 0.0 0.0 
0.0 0.0 0.0 0.0 0.0 0.0 0.0 0.0 0.0 0.0 0.0 0.0 0.0 0.0 0.1498579871839447 0.0 0.1789009447738221 0.24072625566355657 0.0 0.19260450764165485 0.0 0.0 0.19241930010294528 0.0 0.0 0.7965027254036863 0.0 0.0 0.15470233018426036 0.0 0.0 0.0 0.0 0.0 0.04849323554309645 0.0 0.0 0.0 0.0 0.0 0.035819788302281164 0.0 0.0 0.0 0.0 0.0 0.0 0.0 0.0 0.0 
0.0 0.22166464463358077 0.0 0.0 0.0 0.0 0.0 0.0 0.0 0.0 0.0 0.0 0.0 0.0 0.0 0.11390358904447298 0.0 0.1673131918178975 0.08557033190290247 0.0 0.20776040473883156 0.0 0.0 0.11263489234573718 0.0 0.0 0.9691223000681239 0.0 0.0 0.19832161969949635 0.0 0.0 0.0 0.0 0.0 0.21152977822903563 0.0 0.0 0.0 0.0 0.0 0.020057468757928437 0.0 0.0 0.0 0.0 0.0 0.0 0.0 0.0 
0.0 0.0 0.021015435812836936 0.0 0.0 0.0 0.0 0.0 0.0 0.0 0.0 0.0 0.0 0.0 0.0 0.0 0.23879538973638406 0.0 0.1949690721695062 0.10813144860135276 0.0 0.0 0.0 0.0 0.2223804030919547 0.0 0.0 0.5055710497654946 0.0 0.0 0.09420849416710458 0.0 0.0 0.0 0.0 0.0 0.1709392528224808 0.0 0.0 0.0 0.0 0.0 0.16718263064932073 0.0 0.0 0.0 0.0 0.0 0.0 0.0 
0.0 0.0 0.0 0.007028130539722427 0.0 0.0 0.0 0.0 0.0 0.0 0.0 0.0 0.0 0.0 0.0 0.0 0.0 0.23671977202376127 0.0 0.22631074845599491 0.19493220424180935 0.0 0.0 0.0 0.0 0.15470233018426036 0.0 0.0 0.5334491397054251 0.0 0.0 0.20990348550873492 0.0 0.0 0.0 0.0 0.0 0.1428131156458575 0.0 0.0 0.0 0.0 0.0 0.12005454334436699 0.0 0.0 0.0 0.0 0.0 0.0 
0.0 0.0 0.0 0.0 0.024080198617876802 0.0 0.0 0.0 0.0 0.0 0.0 0.0 0.0 0.0 0.0 0.0 0.0 0.0 0.22501765992474027 0.0 0.04235799440907542 0.0 0.0 0.0 0.0 0.0 0.19832161969949635 0.0 0.0 0.5541723728784215 0.0 0.0 0.23279172334058867 0.0 0.0 0.0 0.0 0.0 0.04336586211793328 0.0 0.0 0.0 0.0 0.0 0.15844690681667767 0.0 0.0 0.0 0.0 0.0 
0.0 0.0 0.0 0.0 0.0 0.1428704550795296 0.0 0.0 0.0 0.0 0.0 0.0 0.0 0.0 0.0 0.0 0.0 0.0 0.0 0.097777013224122 0.0 0.07306397660151237 0.0 0.0 0.0 0.0 0.0 0.09420849416710458 0.0 0.0 0.9354908115894791 0.0 0.0 0.18010533480808782 0.0 0.0 0.0 0.0 0.0 0.03416049942362501 0.0 0.0 0.0 0.0 0.0 0.23960040795835255 0.0 0.0 0.0 0.0 
0.0 0.0 0.0 0.0 0.0 0.0 0.15881538823429192 0.0 0.0 0.0 0.0 0.0 0.0 0.0 0.0 0.0 0.0 0.0 0.0 0.0 0.014561679555812751 0.0 0.024191942686775797 0.0 0.0 0.0 0.0 0.0 0.20990348550873492 0.0 0.0 0.5347675704240116 0.0 0.0 0.052509899209601946 0.0 0.0 0.0 0.0 0.0 0.06290076623720534 0.0 0.0 0.0 0.0 0.0 0.24789253826990734 0.0 0.0 0.0 
0.0 0.0 0.0 0.0 0.0 0.0 0.0 0.1983165928624715 0.0 0.0 0.0 0.0 0.0 0.0 0.0 0.0 0.0 0.0 0.0 0.0 0.0 0.12937552850099487 0.0 0.13257291736024532 0.0 0.0 0.0 0.0 0.0 0.23279172334058867 0.0 0.0 0.7261107869899307 0.0 0.0 0.08804812279409333 0.0 0.0 0.0 0.0 0.0 0.03183179365254993 0.0 0.0 0.0 0.0 0.0 0.14849961704350137 0.0 0.0 
0.0 0.0 0.0 0.0 0.0 0.0 0.0 0.0 0.23821398417552328 0.0 0.0 0.0 0.0 0.0 0.0 0.0 0.0 0.0 0.18948514346958406 0.0 0.0 0.0 0.08404426023190797 0.0 0.14487815279072083 0.0 0.0 0.0 0.0 0.0 0.18010533480808782 0.0 0.0 0.5377070614249959 0.0 0.0 0.21658017181122566 0.0 0.0 0.0 0.0 0.0 0.21656023849686312 0.0 0.0 0.0 0.0 0.0 0.0 0.0 
0.0 0.0 0.0 0.0 0.0 0.0 0.0 0.0 0.0 0.1982944479375712 0.0 0.0 0.0 0.0 0.0 0.0 0.0 0.0 0.0 0.20231311856395673 0.0 0.0 0.0 0.16775031887087755 0.0 0.04849323554309645 0.0 0.0 0.0 0.0 0.0 0.052509899209601946 0.0 0.0 0.555673522838771 0.0 0.0 0.14751583566024645 0.0 0.0 0.0 0.0 0.0 0.22507636867340125 0.0 0.0 0.0 0.0 0.0 0.0 
0.0 0.0 0.0 0.0 0.0 0.0 0.0 0.0 0.0 0.1578111774531291 0.0 0.0 0.0 0.0 0.0 0.0 0.0 0.0 0.0 0.0 0.0956530955416656 0.0 0.0 0.0 0.0 0.0 0.21152977822903563 0.0 0.0 0.0 0.0 0.0 0.08804812279409333 0.0 0.0 0.5238231484859814 0.0 0.0 0.0 0.0 0.0 0.0 0.0 0.0 0.16397499142260105 0.0 0.0 0.0 0.0 0.0 
0.0 0.0 0.0 0.0 0.0 0.0 0.0 0.0 0.0 0.0 0.23102005315471302 0.0 0.0 0.0 0.0 0.0 0.0 0.0 0.0 0.0 0.0 0.04511909063249575 0.0 0.0 0.0 0.0 0.0 0.1709392528224808 0.0 0.0 0.0 0.0 0.0 0.21658017181122566 0.0 0.0 0.581475335660818 0.0 0.0 0.0 0.0 0.0 0.0 0.0 0.0 0.11043575649712298 0.0 0.0 0.0 0.0 
0.0 0.0 0.0 0.0 0.0 0.0 0.0 0.0 0.0 0.0 0.0 0.10880465349191681 0.0 0.0 0.0 0.0 0.0 0.0 0.0 0.0 0.0 0.0 0.23539088933040683 0.0 0.0 0.0 0.0 0.0 0.1428131156458575 0.0 0.0 0.0 0.0 0.0 0.14751583566024645 0.0 0.0 0.9199248499852095 0.0 0.0 0.0 0.0 0.0 0.0 0.0 0.0 0.19945088983455964 0.0 0.0 0.0 
0.0 0.0 0.0 0.0 0.0 0.0 0.0 0.0 0.0 0.0 0.0 0.0 0.0 0.0 0.0 0.0 0.0 0.0 0.0 0.0 0.0 0.0 0.0 0.22783028122361107 0.0 0.0 0.0 0.0 0.0 0.04336586211793328 0.0 0.0 0.0 0.0 0.0 0.0 0.0 0.0 0.7671445035845714 0.0 0.0 0.0 0.0 0.0 0.0 0.0 0.0 0.01110749531342356 0.0 0.0 
0.0 0.0 0.0 0.0 0.0 0.0 0.0 0.0 0.0 0.0 0.0 0.0 0.0869300684810822 0.0 0.0 0.0 0.0 0.0 0.0 0.0 0.0 0.0 0.0 0.0 0.19920573188616092 0.0 0.0 0.0 0.0 0.0 0.03416049942362501 0.0 0.0 0.0 0.0 0.0 0.0 0.0 0.0 0.9004343605480871 0.0 0.0 0.0 0.0 0.0 0.0 0.0 0.0 0.0 0.0 
0.0 0.0 0.0 0.0 0.0 0.0 0.0 0.0 0.0 0.0 0.0 0.0 0.0 0.04601154854978037 0.0 0.0 0.0 0.0 0.0 0.0 0.0 0.0 0.0 0.0 0.0 0.035819788302281164 0.0 0.0 0.0 0.0 0.0 0.06290076623720534 0.0 0.0 0.0 0.0 0.0 0.0 0.0 0.0 0.9158309244498868 0.0 0.0 0.0 0.0 0.0 0.0 0.0 0.0 0.0 
0.0 0.0 0.0 0.0 0.0 0.0 0.0 0.0 0.0 0.0 0.0 0.0 0.0 0.11395442032643366 0.12017475942918157 0.0 0.0 0.0 0.0 0.0 0.0 0.0 0.0 0.0 0.0 0.0 0.020057468757928437 0.0 0.0 0.0 0.0 0.0 0.03183179365254993 0.0 0.0 0.0 0.0 0.0 0.0 0.0 0.0 0.5614789661099304 0.0 0.0 0.0 0.0 0.0 0.0 0.0 0.0 
0.0 0.0 0.0 0.0 0.0 0.0 0.0 0.0 0.0 0.0 0.0 0.0 0.0 0.0 0.16261774362687098 0.22483260868935248 0.0 0.0 0.0 0.0 0.0 0.0 0.0 0.0 0.0 0.0 0.0 0.16718263064932073 0.0 0.0 0.0 0.0 0.0 0.21656023849686312 0.0 0.0 0.0 0.0 0.0 0.0 0.0 0.0 0.7288456768028484 0.0 0.0 0.0 0.0 0.0 0.0 0.0 
0.0 0.0 0.0 0.0 0.0 0.0 0.0 0.0 0.0 0.0 0.0 0.0 0.0 0.0 0.0 0.11031159587463654 0.01693701529842348 0.0 0.0 0.0 0.0 0.0 0.0 0.0 0.0 0.0 0.0 0.0 0.12005454334436699 0.0 0.0 0.0 0.0 0.0 0.22507636867340125 0.0 0.0 0.0 0.0 0.0 0.0 0.0 0.0 0.6297336089322688 0.0 0.0 0.0 0.0 0.0 0.0 
0.0 0.0 0.0 0.0 0.0 0.0 0.0 0.0 0.0 0.0 0.0 0.21987552211771935 0.0 0.0 0.0 0.0 0.14618973805931304 0.1321220755290689 0.0 0.0 0.0 0.0 0.0 0.0 0.0 0.0 0.0 0.0 0.0 0.15844690681667767 0.0 0.0 0.0 0.0 0.0 0.16397499142260105 0.0 0.0 0.0 0.0 0.0 0.0 0.0 0.0 0.7719292794525437 0.0 0.0 0.0 0.0 0.0 
0.0 0.0 0.0 0.0 0.0 0.0 0.0 0.0 0.0 0.0 0.0 0.0 0.21398927698567083 0.0 0.0 0.0 0.0 0.0 0.0030851157078045643 0.0 0.0 0.0 0.0 0.0 0.0 0.0 0.0 0.0 0.0 0.0 0.23960040795835255 0.0 0.0 0.0 0.0 0.0 0.11043575649712298 0.0 0.0 0.0 0.0 0.0 0.0 0.0 0.0 0.6514562375241089 0.0 0.0 0.0 0.0 
0.0 0.0 0.0 0.0 0.0 0.0 0.0 0.0 0.0 0.0 0.0 0.0 0.0 0.07210124268894899 0.0 0.0 0.0 0.0 0.0 0.07309525304963096 0.0 0.0 0.0 0.0 0.0 0.0 0.0 0.0 0.0 0.0 0.0 0.24789253826990734 0.0 0.0 0.0 0.0 0.0 0.19945088983455964 0.0 0.0 0.0 0.0 0.0 0.0 0.0 0.0 0.799996481359453 0.0 0.0 0.0 
0.0 0.0 0.0 0.0 0.0 0.0 0.0 0.0 0.0 0.0 0.17613445951456536 0.0 0.0 0.0 0.11204103335099061 0.0 0.0 0.0 0.0 0.0 0.16380039812215247 0.0 0.0 0.0 0.0 0.0 0.0 0.0 0.0 0.0 0.0 0.0 0.14849961704350137 0.0 0.0 0.0 0.0 0.0 0.01110749531342356 0.0 0.0 0.0 0.0 0.0 0.0 0.0 0.0 0.9922020352751938 0.0 0.0 
0.0 0.0 0.0 0.0 0.0 0.0 0.0 0.0 0.0 0.0 0.0 0.03478081889910686 0.0 0.0 0.0 0.09946051991209223 0.0 0.0 0.0 0.0 0.0 0.22704718707949814 0.0 0.0 0.0 0.0 0.0 0.0 0.0 0.0 0.0 0.0 0.0 0.0 0.0 0.0 0.0 0.0 0.0 0.0 0.0 0.0 0.0 0.0 0.0 0.0 0.0 0.0 0.9108671519679696 0.0 
0.0 0.0 0.0 0.0 0.0 0.0 0.0 0.0 0.0 0.0 0.0 0.0 0.19442691706316267 0.0 0.0 0.0 0.180004795151095 0.0 0.0 0.0 0.0 0.0 0.04155886450941357 0.0 0.0 0.0 0.0 0.0 0.0 0.0 0.0 0.0 0.0 0.0 0.0 0.0 0.0 0.0 0.0 0.0 0.0 0.0 0.0 0.0 0.0 0.0 0.0 0.0 0.0 0.6264504498524104 
