50 20 10000
0.0 0.0 0.0 0.0 0.0 0.0 0.0 0.9643646559049637 0.0 0.0 0.7431985403748755 0.0 0.0 0.0 0.0 0.0 0.0 0.0 0.6977370629376801 0.0 0.0 0.0 0.0 0.666814684254334 0.8145555995541844 0.0 0.0 0.0 0.0 0.0 0.0 0.0 0.0 0.0 0.0 0.0 0.0 0.0 0.0 0.0 0.0 0.0 0.0 0.0 0.7603264347989145 0.0 0.0 0.0 0.0 0.0 
0.0 0.5250889667967578 0.0 0.0 0.0 0.0 0.0 0.0 0.0 0.0 0.0 0.0 0.0 0.0 0.0 0.7836977530089277 0.0 0.5949197792313023 0.0 0.0 0.0 0.0 0.0 0.0 0.0 0.0 0.0 0.0 0.0 0.0 0.0 0.0 0.5084797873971243 0.0 0.0 0.0 0.9185543447639843 0.0 0.0 0.0 0.0 0.0 0.0 0.0 0.0 0.0 0.0 0.0 0.0 0.7060266522997183 
0.0 0.0 0.0 0.0 0.0 0.5232818056989035 0.0 0.0 0.0 0.8323194430314735 0.0 0.0 0.0 0.0 0.0 0.0 0.0 0.0 0.0 0.0 0.0 0.0 0.0 0.0 0.0 0.0 0.8893286210688012 0.0 0.0 0.0 0.0 0.0 0.0 0.0 0.678699351210281 0.0 0.0 0.0 0.0 0.0 0.0 0.8431288784253868 0.0 0.0 0.0 0.6728376736453376 0.0 0.0 0.0 0.0 
0.0 0.8510145809324741 0.0 0.0 0.0 0.0 0.0 0.0 0.0 0.0 0.0 0.0 0.0 0.0 0.0 0.0 0.0 0.0 0.6666120669989848 0.0 0.8398931339480264 0.0 0.0 0.0 0.6297136097767778 0.0 0.0 0.0 0.0 0.7492217863441359 0.0 0.0 0.0 0.0 0.0 0.0 0.0 0.0 0.0 0.0 0.0 0.665774315137212 0.0 0.0 0.0 0.0 0.0 0.0 0.0 0.0 
0.0 0.0 0.0 0.0 0.0 0.0 0.0 0.0 0.0 0.0 0.0 0.0 0.0 0.6648836725250489 0.0 0.0 0.0 0.0 0.0 0.8252749635718366 0.0 0.0 0.0 0.0 0.0 0.0 0.0 0.0 0.0 0.0 0.0 0.0 0.0 0.0 0.0 0.0 0.0 0.0 0.7414703323684347 0.9871443381198794 0.0 0.9401837870107292 0.0 0.0 0.0 0.0 0.0 0.0 0.0 0.9623582565289281 
0.0 0.0 0.0 0.0 0.0 0.7474056518351777 0.0 0.0 0.0 0.5399914096874748 0.0 0.0 0.0 0.0 0.0 0.0 0.0 0.6209613975044757 0.0 0.0 0.0 0.0 0.0 0.0 0.0 0.0 0.0 0.0 0.0 0.0 0.0 0.9616010413236196 0.0 0.0 0.7988190949749584 0.0 0.0 0.0 0.0 0.0 0.0 0.0 0.0 0.0 0.0 0.0 0.9424172191446332 0.0 0.0 0.0 
0.0 0.0 0.0 0.0 0.0 0.0 0.9990048225617845 0.0 0.8811954081868372 0.7461208342620159 0.0 0.0 0.0 0.0 0.0 0.0 0.0 0.0 0.0 0.0 0.0 0.0 0.0 0.0 0.0 0.0 0.0 0.0 0.0 0.0 0.0 0.0 0.0 0.6578470357432367 0.0 0.0 0.0 0.0 0.0 0.0 0.0 0.0 0.0 0.0 0.0 0.0 0.0 0.7760501352047344 0.0 0.0 
0.0 0.5264667653443138 0.0 0.0 0.0 0.0 0.0 0.6089987962104839 0.0 0.0 0.0 0.0 0.0 0.9081084736777945 0.0 0.0 0.0 0.0 0.0 0.0 0.0 0.8572543704541729 0.0 0.0 0.0 0.0 0.0 0.0 0.0 0.0 0.0 0.0 0.0 0.0 0.7266776866405943 0.0 0.9178346577102943 0.0 0.0 0.0 0.0 0.0 0.0 0.0 0.0 0.0 0.0 0.0 0.0 0.0 
0.0 0.0 0.9300054727081439 0.0 0.0 0.0 0.0 0.0 0.0 0.0 0.0 0.0 0.0 0.0 0.0 0.0 0.7830348783714994 0.0 0.0 0.0 0.7263273799765069 0.0 0.0 0.0 0.0 0.0 0.0 0.0 0.0 0.0 0.0 0.0 0.0 0.0 0.0 0.0 0.0 0.0 0.0 0.8664678544142163 0.0 0.7908869173523243 0.0 0.0 0.0 0.0 0.0 0.0 0.0 0.0 
0.0 0.0 0.0 0.8676646632737399 0.0 0.0 0.0 0.0 0.0 0.6807364822407207 0.5694867683760343 0.0 0.0 0.8977390582784912 0.0 0.0 0.0 0.0 0.0 0.0 0.0 0.0 0.0 0.0 0.0 0.0 0.0 0.0 0.838916716415836 0.0 0.0 0.0 0.0 0.0 0.0 0.0 0.0 0.0 0.0 0.0 0.0 0.0 0.0 0.0 0.0 0.0 0.0 0.0 0.0 0.0 
0.0 0.6939462950310686 0.0 0.0 0.0 0.7939685459134125 0.5026457718980017 0.0 0.0 0.0 0.0 0.6190165999117806 0.0 0.0 0.0 0.0 0.0 0.0 0.0 0.0 0.0 0.0 0.0 0.7378477702787957 0.0 0.0 0.0 0.0 0.0 0.0 0.0 0.0 0.9168484515043855 0.0 0.0 0.0 0.0 0.0 0.0 0.0 0.0 0.0 0.0 0.0 0.0 0.0 0.0 0.0 0.0 0.0 
0.0 0.0 0.0 0.0 0.0 0.0 0.0 0.0 0.5631093238316784 0.0 0.0 0.0 0.0 0.0 0.0 0.0 0.0 0.0 0.0 0.7294135212251639 0.0 0.0 0.0 0.0 0.6064120493977054 0.7272557480393793 0.0 0.0 0.0 0.0 0.0 0.0 0.0 0.0 0.0 0.0 0.0 0.0 0.0 0.0 0.0 0.0 0.8764720753656431 0.0 0.0 0.0 0.9012646567195266 0.0 0.0 0.0 
0.0 0.0 0.0 0.0 0.0 0.0 0.9215029238418617 0.0 0.0 0.0 0.0 0.0 0.0 0.0 0.0 0.0 0.0 0.9299570389308194 0.0 0.0 0.7998028993187175 0.0 0.0 0.0 0.0 0.0 0.0 0.0 0.0 0.0 0.0 0.8924776141568276 0.0 0.0 0.0 0.0 0.0 0.0 0.0 0.0 0.0 0.0 0.0 0.0 0.7076638112759406 0.0 0.0 0.0 0.0 0.0 
0.0 0.0 0.0 0.0 0.0 0.0 0.0 0.0 0.0 0.0 0.0 0.7837573414731303 0.0 0.6489428990427394 0.0 0.0 0.0 0.7809962041260903 0.9501608486452867 0.0 0.0 0.0 0.0 0.6147538937407332 0.0 0.0 0.0 0.0 0.0 0.0 0.0 0.0 0.0 0.0 0.0 0.0 0.0 0.0 0.0 0.0 0.0 0.0 0.0 0.0 0.0 0.0 0.0 0.0 0.0 0.6422626754603944 
0.0 0.5904737624392893 0.0 0.0 0.0 0.0 0.0 0.0 0.0 0.7934262272721112 0.0 0.5507329021194425 0.0 0.0 0.0 0.0 0.0 0.0 0.0 0.0 0.0 0.0 0.0 0.0 0.0 0.0 0.0 0.0 0.0 0.0 0.0 0.0 0.0 0.0 0.0 0.9829142474081795 0.0 0.0 0.0 0.0 0.0 0.0 0.0 0.6696561396775451 0.0 0.0 0.0 0.0 0.0 0.0 
0.0 0.0 0.0 0.0 0.8476290747721933 0.0 0.0 0.0 0.0 0.0 0.0 0.0 0.0 0.0 0.0 0.0 0.0 0.0 0.0 0.0 0.8046743182025877 0.0 0.0 0.0 0.7221965947785275 0.0 0.0 0.0 0.9312260973369366 0.0 0.5691261012460919 0.0 0.0 0.0 0.0 0.0 0.0 0.9232294437254742 0.0 0.0 0.0 0.0 0.0 0.0 0.0 0.0 0.0 0.0 0.0 0.0 
0.0 0.0 0.0 0.6319329815699438 0.0 0.0 0.0 0.0 0.8892512460511011 0.5983160676753156 0.0 0.0 0.0 0.0 0.0 0.0 0.0 0.0 0.0 0.0 0.7928514206017812 0.0 0.0 0.5058057372746487 0.0 0.0 0.0 0.0 0.0 0.0 0.9905694976143411 0.0 0.0 0.0 0.0 0.0 0.0 0.0 0.0 0.0 0.0 0.0 0.0 0.0 0.0 0.0 0.0 0.0 0.0 0.0 
0.0 0.0 0.0 0.0 0.9354678038245379 0.0 0.0 0.0 0.0 0.0 0.0 0.0 0.0 0.0 0.0 0.0 0.0 0.0 0.7511559245339741 0.7035707131290081 0.0 0.5993439257150486 0.9824190925503451 0.0 0.0 0.0 0.0 0.0 0.0 0.0 0.0 0.0 0.0 0.0 0.0 0.0 0.0 0.0 0.0 0.0 0.0 0.0 0.0 0.0 0.9723461174888517 0.0 0.0 0.0 0.0 0.0 
0.0 0.0 0.0 0.0 0.7547637651357557 0.0 0.0 0.7545301937903361 0.0 0.0 0.0 0.7613217124567193 0.0 0.0 0.0 0.0 0.0 0.0 0.0 0.0 0.0 0.0 0.0 0.0 0.0 0.0 0.0 0.0 0.0 0.0 0.0 0.6791467052389775 0.7199026723267375 0.0 0.0 0.0 0.0 0.0 0.0 0.0 0.7749489732535225 0.0 0.0 0.0 0.0 0.0 0.0 0.0 0.0 0.0 
0.0 0.0 0.0 0.5990492390125866 0.0 0.0 0.0 0.0 0.0 0.0 0.0 0.0 0.6070346944328265 0.0 0.0 0.0 0.0 0.0 0.0 0.0 0.0 0.0 0.0 0.9217094614008323 0.0 0.0 0.0 0.0 0.0 0.0 0.0 0.0 0.0 0.9741095450553614 0.5345935179234135 0.0 0.0 0.5037878766294981 0.0 0.0 0.0 0.0 0.0 0.0 0.0 0.0 0.0 0.0 0.0 0.0 
0.0 0.0 0.0 0.0 0.0 0.0 0.0 0.0 0.0 0.0 0.6225198365900582 0.0 0.0 0.0 0.6095530723377702 0.0 0.9172169966982588 0.688861934456499 0.0 0.0 0.9360088852090507 0.0 0.0 0.0 0.6861004212250583 0.0 0.0 0.0 0.0 0.0 0.0 0.0 0.0 0.0 0.0 0.0 0.0 0.0 0.0 0.0 0.0 0.0 0.0 0.0 0.0 0.0 0.0 0.0 0.0 0.0 
0.6622065417504048 0.0 0.0 0.0 0.0 0.0 0.0 0.0 0.0 0.0 0.0 0.0 0.0 0.0 0.0 0.0 0.0 0.0 0.0 0.0 0.0 0.0 0.0 0.0 0.0 0.5357921314904819 0.0 0.0 0.0 0.6568321840311437 0.0 0.0 0.0 0.0 0.7037223825419112 0.0 0.0 0.0 0.0 0.0 0.0 0.0 0.0 0.0 0.0 0.7673852864889268 0.0 0.0 0.656668273172627 0.0 
0.0 0.5214783036829221 0.0 0.0 0.0 0.0 0.0 0.0 0.0 0.6603981223632271 0.0 0.0 0.0 0.0 0.0 0.0 0.0 0.0 0.537128268903285 0.0 0.0 0.0 0.0 0.6634370955709759 0.8602949344741921 0.0 0.0 0.0 0.0 0.0 0.0 0.0 0.0 0.0 0.0 0.0 0.0 0.0 0.0 0.0 0.0 0.0 0.0 0.5459118073924264 0.0 0.0 0.0 0.0 0.0 0.0 
0.0 0.0 0.0 0.0 0.0 0.0 0.0 0.0 0.0 0.0 0.0 0.0 0.0 0.0 0.0 0.0 0.0 0.0 0.547168874053411 0.0 0.0 0.0 0.5356647614685992 0.0 0.0 0.6622943426217816 0.0 0.0 0.0 0.0 0.9086957884130723 0.0 0.0 0.0 0.0 0.0 0.0 0.0 0.0 0.0 0.0 0.0 0.7082310914563408 0.0 0.0 0.0 0.0 0.0 0.7889756817512246 0.0 
0.0 0.0 0.0 0.0 0.0 0.0 0.0 0.0 0.0 0.0 0.0 0.0 0.0 0.0 0.0 0.0 0.0 0.0 0.0 0.0 0.0 0.5929330671347255 0.0 0.0 0.0 0.8056263264359083 0.0 0.0 0.0 0.7281979350476848 0.7529792780018323 0.6469093639354206 0.0 0.0 0.0 0.0 0.0 0.0 0.0 0.0 0.0 0.7009076760240365 0.0 0.0 0.0 0.0 0.0 0.0 0.0 0.0 
0.0 0.0 0.0 0.0 0.0 0.0 0.0 0.0 0.0 0.7598433434818563 0.0 0.0 0.0 0.0 0.0 0.9785881271707055 0.0 0.0 0.6059333812087957 0.0 0.0 0.614445861904374 0.0 0.0 0.0 0.0 0.0 0.0 0.0 0.0 0.6828069424920171 0.0 0.7961554135608948 0.0 0.0 0.0 0.0 0.0 0.0 0.0 0.0 0.0 0.0 0.0 0.0 0.0 0.0 0.0 0.0 0.0 
0.0 0.7354646435994207 0.0 0.0 0.0 0.0 0.0 0.0 0.0 0.0 0.7632643455272148 0.0 0.0 0.5273829852702048 0.0 0.0 0.0 0.0 0.0 0.0 0.0 0.0 0.0 0.0 0.0 0.0 0.0 0.0 0.0 0.5180175693419335 0.0 0.0 0.0 0.0 0.9812085727967204 0.0 0.0 0.0 0.0 0.0 0.0 0.0 0.0 0.0 0.0 0.0 0.0 0.0 0.0 0.7452136789912482 
0.0 0.0 0.0 0.0 0.0 0.0 0.0 0.0 0.0 0.0 0.0 0.0 0.0 0.0 0.0 0.0 0.0 0.7526750013869495 0.0 0.0 0.7354158455619663 0.0 0.0 0.0 0.0 0.0 0.0 0.0 0.0 0.0 0.5158645223680887 0.0 0.0 0.0 0.0 0.6231223056789237 0.0 0.0 0.0 0.5702875185315419 0.0 0.0 0.0 0.0 0.0 0.0 0.0 0.0 0.0 0.0 
0.0 0.0 0.0 0.0 0.0 0.0 0.0 0.0 0.0 0.0 0.0 0.8234473975120356 0.0 0.0 0.0 0.7232551612893684 0.0 0.0 0.0 0.0 0.0 0.0 0.0 0.0 0.8900351379086022 0.0 0.0 0.0 0.0 0.0 0.9546007835837036 0.0 0.0 0.5232125801022549 0.0 0.0 0.0 0.0 0.0 0.0 0.841911521166727 0.0 0.0 0.0 0.0 0.0 0.0 0.0 0.0 0.0 
0.0 0.0 0.0 0.0 0.0 0.0 0.0 0.0 0.0 0.0 0.0 0.0 0.0 0.9312411303650091 0.0 0.0 0.0 0.0 0.0 0.9354140899986796 0.0 0.0 0.0 0.0 0.0 0.0 0.0 0.0 0.0 0.0 0.0 0.0 0.5992353614497943 0.0 0.5375973524119151 0.0 0.0 0.0 0.0 0.0 0.0 0.0 0.0 0.7658423510445043 0.0 0.0 0.0 0.0 0.9996776373165184 0.0 
0.0 0.0 0.0 0.0 0.0 0.0 0.0 0.6658101244266748 0.0 0.0 0.0 0.0 0.0 0.0 0.0 0.0 0.0 0.0 0.0 0.0 0.0 0.0 0.7607734595020414 0.7739752485269218 0.0 0.0 0.0 0.9505165903566604 0.0 0.0 0.0 0.0 0.0 0.6935071001037096 0.0 0.0 0.0 0.0 0.0 0.0 0.0 0.0 0.0 0.0 0.0 0.0 0.0 0.0 0.0 0.0 
0.0 0.0 0.0 0.0 0.0 0.6030687980163014 0.0 0.0 0.0 0.0 0.0 0.6305222149075387 0.0 0.0 0.0 0.0 0.0 0.0 0.0 0.0 0.0 0.0 0.0 0.0 0.0 0.0 0.0 0.0 0.0 0.0 0.550552728385354 0.0 0.9134792167115716 0.0 0.0 0.8478150313108666 0.0 0.0 0.0 0.0 0.0 0.0 0.0 0.0 0.9677208212803868 0.0 0.0 0.0 0.0 0.0 
0.0 0.0 0.0 0.0 0.0 0.0 0.0 0.0 0.0 0.0 0.0 0.0 0.0 0.0 0.0 0.0 0.0 0.0 0.0 0.0 0.0 0.0 0.0 0.8698328570014267 0.0 0.0 0.5721211551545168 0.0 0.0 0.0 0.0 0.0 0.0 0.0 0.0 0.0 0.939057942904699 0.0 0.9934265450879676 0.0 0.0 0.0 0.7759144000887326 0.0 0.0 0.0 0.9235373454203046 0.0 0.0 0.0 
0.0 0.0 0.0 0.0 0.6086869569242086 0.0 0.0 0.0 0.0 0.0 0.0 0.0 0.0 0.0 0.0 0.0 0.0 0.0 0.0 0.0 0.0 0.0 0.0 0.9703549433399475 0.0 0.0 0.0 0.0 0.0 0.0 0.0 0.0 0.0 0.0 0.0 0.0 0.0 0.0 0.0 0.0 0.5918885881594904 0.0 0.0 0.0 0.0 0.6162625778715721 0.0 0.0 0.6013730072214563 0.0 
0.0 0.0 0.0 0.0 0.0 0.0 0.0 0.0 0.0 0.0 0.0 0.0 0.0 0.0 0.5175169721651478 0.0 0.0 0.0 0.0 0.0 0.0 0.0 0.0 0.0 0.0 0.0 0.0 0.0 0.0 0.0 0.0 0.0 0.0 0.0 0.0 0.70855739561795 0.0 0.5512976111819299 0.0 0.0 0.8026319774897035 0.0 0.0 0.0 0.0 0.0 0.0 0.0 0.0 0.7205640904350296 
0.0 0.0 0.7952458568213242 0.0 0.0 0.0 0.0 0.0 0.8714112300504826 0.0 0.0 0.0 0.0 0.0 0.0 0.0 0.0 0.0 0.9355407969816361 0.0 0.0 0.0 0.0 0.0 0.721203419666486 0.0 0.0 0.0 0.0 0.0 0.0 0.0 0.0 0.0 0.0 0.0 0.0 0.82553711024749 0.0 0.0 0.0 0.0 0.0 0.0 0.0 0.0 0.0 0.0 0.9533104859245487 0.0 
0.0 0.0 0.0 0.5966363691299688 0.0 0.0 0.0 0.0 0.0 0.0 0.6401452306456681 0.0 0.0 0.0 0.0 0.0 0.0 0.0 0.0 0.0 0.7353461572245101 0.0 0.0 0.0 0.0 0.0 0.0 0.0 0.6549747648923592 0.0 0.0 0.0 0.0 0.0 0.0 0.0 0.0 0.0 0.0 0.5566676717499486 0.0 0.9050400295854537 0.0 0.0 0.0 0.0 0.0 0.0 0.0 0.0 
0.0 0.0 0.0 0.0 0.0 0.0 0.0 0.0 0.0 0.0 0.5033308028903622 0.0 0.0 0.0 0.0 0.0 0.0 0.8931047336879571 0.0 0.0 0.0 0.0 0.0 0.0 0.0 0.0 0.0 0.0 0.6151926544059891 0.0 0.0 0.0 0.0 0.0 0.0 0.0 0.0 0.5540343431335686 0.0 0.0 0.0 0.7967978517920268 0.0 0.0 0.0 0.6186559767999369 0.0 0.0 0.0 0.0 
0.0 0.0 0.0 0.0 0.0 0.0 0.0 0.0 0.0 0.0 0.0 0.0 0.0 0.0 0.0 0.0 0.0 0.6419204000148485 0.0 0.0 0.0 0.8793014458425029 0.0 0.0 0.0 0.8673257701767745 0.0 0.6676069764530674 0.0 0.5147150015849699 0.0 0.0 0.0 0.0 0.0 0.0 0.0 0.0 0.0 0.0 0.0 0.0 0.0 0.0 0.0 0.0 0.0 0.0 0.0 0.8186401617238187 
0.0 0.5668638029389304 0.0 0.7282079082522113 0.7918223046666564 0.7220351914649482 0.0 0.0 0.0 0.0 0.8689223830241222 0.0 0.0 0.0 0.0 0.0 0.0 0.0 0.0 0.0 0.0 0.0 0.0 0.0 0.0 0.0 0.0 0.9985972738530795 0.0 0.0 0.0 0.0 0.0 0.0 0.0 0.0 0.0 0.0 0.0 0.0 0.0 0.0 0.0 0.0 0.0 0.0 0.0 0.0 0.0 0.0 
0.0 0.0 0.0 0.0 0.0 0.0 0.0 0.0 0.0 0.0 0.0 0.0 0.8017603227232222 0.0 0.0 0.0 0.0 0.0 0.0 0.0 0.6943598633778894 0.0 0.0 0.0 0.0 0.0 0.0 0.0 0.0 0.0 0.0 0.0 0.0 0.0 0.0 0.0 0.0 0.0 0.0 0.0 0.9151519838731225 0.9063360412489395 0.0 0.0 0.0 0.0 0.6775260824175913 0.0 0.0 0.0 
0.0 0.0 0.0 0.0 0.0 0.0 0.0 0.0 0.0 0.0 0.0 0.0 0.0 0.0 0.0 0.0 0.7317024220599994 0.6064575666297163 0.0 0.0 0.0 0.8290301172946762 0.0 0.0 0.0 0.0 0.0 0.0 0.0 0.5261247787806484 0.0 0.0 0.5146568478751732 0.0 0.0 0.0 0.0 0.0 0.5318584882755525 0.0 0.0 0.0 0.0 0.0 0.0 0.0 0.0 0.0 0.0 0.0 
0.0 0.0 0.0 0.0 0.0 0.0 0.64575626792862 0.0 0.9662743647197566 0.7177479615184226 0.0 0.0 0.0 0.0 0.0 0.0 0.9893699469430419 0.0 0.0 0.0 0.0 0.0 0.0 0.0 0.0 0.0 0.0 0.0 0.0 0.0 0.0 0.0 0.0 0.0 0.0 0.8864499104207184 0.0 0.0 0.0 0.0 0.0 0.0 0.8708248751722143 0.0 0.0 0.0 0.0 0.0 0.0 0.0 
0.0 0.0 0.0 0.0 0.0 0.0 0.0 0.0 0.0 0.9881554854519944 0.0 0.0 0.0 0.5599217206845595 0.0 0.0 0.0 0.0 0.0 0.0 0.0 0.0 0.0 0.0 0.0 0.0 0.0 0.8235304142809226 0.0 0.0 0.0 0.7035321838932922 0.0 0.0 0.0 0.5931454239671632 0.0 0.0 0.0 0.0 0.0 0.0 0.0 0.0 0.914993313878645 0.0 0.0 0.0 0.0 0.0 
0.0 0.0 0.0 0.0 0.0 0.0 0.0 0.0 0.0 0.0 0.0 0.0 0.0 0.0 0.9332797405883675 0.0 0.0 0.0 0.0 0.0 0.931641175186027 0.0 0.0 0.0 0.0 0.0 0.0 0.0 0.0 0.9910963523916834 0.0 0.0 0.6916407026596696 0.754090081193652 0.0 0.0 0.0 0.0 0.0 0.0 0.0 0.0 0.0 0.0 0.0 0.0 0.0 0.6753211800016585 0.0 0.0 
0.0 0.0 0.0 0.0 0.0 0.0 0.0 0.7497925315433722 0.0 0.0 0.0 0.0 0.0 0.9411834545697129 0.0 0.0 0.0 0.0 0.0 0.7801616876953895 0.0 0.0 0.0 0.0 0.0 0.0 0.0 0.0 0.0 0.0 0.0 0.0 0.0 0.0 0.0 0.0 0.0 0.6285946354193954 0.0 0.0 0.0 0.0 0.0 0.0 0.5502971786714455 0.0 0.0 0.0 0.9881434125807764 0.0 
0.0 0.0 0.0 0.0 0.7644802598920638 0.0 0.0 0.0 0.0 0.0 0.0 0.0 0.9541239943392912 0.0 0.0 0.0 0.5437902807122205 0.0 0.0 0.0 0.0 0.0 0.0 0.0 0.0 0.0 0.5406771399045682 0.0 0.0 0.0 0.0 0.0 0.0 0.0 0.0 0.0 0.0 0.0 0.8503167424005971 0.0 0.0 0.0 0.6420597694039984 0.0 0.0 0.0 0.0 0.0 0.0 0.0 
0.0 0.7478488890553014 0.0 0.867455119814404 0.8637772780280119 0.0 0.0 0.0 0.0 0.9027524382500325 0.9828289257592835 0.0 0.0 0.0 0.0 0.0 0.0 0.0 0.0 0.0 0.0 0.0 0.0 0.0 0.0 0.0 0.0 0.0 0.0 0.0 0.0 0.0 0.0 0.0 0.6256997946562866 0.0 0.0 0.0 0.0 0.0 0.0 0.0 0.0 0.0 0.0 0.0 0.0 0.0 0.0 0.0 
0.0 0.0 0.0 0.0 0.0 0.0 0.0 0.0 0.8734934517519342 0.0 0.0 0.0 0.0 0.0 0.0 0.0 0.0 0.0 0.0 0.0 0.0 0.0 0.8772691375997782 0.0 0.0 0.0 0.0 0.0 0.0 0.0 0.0 0.0 0.0 0.0 0.0 0.7808370367954407 0.0 0.0 0.0 0.0 0.0 0.0 0.0 0.0 0.0 0.0 0.5277647015869238 0.0 0.0 0.731173288270379 
0.0 0.6323566503228593 0.0 0.0 0.0 0.0 0.0 0.0 0.7036099324235674 0.0 0.0 0.0 0.0 0.0 0.0 0.0 0.0 0.0 0.0 0.0 0.0 0.0 0.0 0.0 0.0 0.0 0.0 0.0 0.0 0.9303476247469568 0.0 0.5875872970000486 0.0 0.0 0.0 0.5353565455184014 0.0 0.0 0.0 0.0 0.0 0.0 0.0 0.0 0.0 0.0 0.0 0.0 0.0 0.9956083868948089 
